25.12289
25.12289
25.12289
25.12289
25.12289
25.12289
25.12289
25.12289
25.12289
25.122909999999997
25.12303
25.12349
25.12501
25.12919
25.139090000000007
25.15963
25.197619999999997
25.26118
25.35842
25.495820000000002
25.67653
25.89932
26.15829
26.4436
26.742820000000002
27.04271
27.330959999999997
27.597459999999998
27.83511
28.04
28.21116
28.34998
28.45947
28.543599999999998
28.606659999999998
28.65283
28.685889999999997
28.70907
28.724990000000002
28.73573
28.742829999999998
28.74745
28.750410000000002
28.75227
28.75342
28.75412
28.75455
28.754800000000003
28.75495
28.755029999999998
28.75508
28.755110000000002
28.755119999999998
28.75513
28.75514
28.75514
28.75514
28.75514
28.75514
28.75514
28.75514
28.75514
28.75514
28.75514
28.75514
28.75514
28.75514
28.75514
28.75514
28.75514
28.75514
28.75514
28.75514
28.75514
28.75514
28.75514
28.75514
28.75514
28.75514
28.75513
28.755119999999998
28.755110000000002
28.75508
28.755029999999998
28.754939999999998
28.754800000000003
28.75455
28.75415
28.75352
28.75251
28.75097
28.74861
28.7451
28.73993
28.732460000000003
28.721829999999997
28.706950000000003
28.686420000000002
28.658530000000003
28.6212
28.57198
28.50798
28.42595
28.32228
28.19304
28.03409
27.84119
27.61014
27.33697
27.018099999999997
26.650509999999997
26.232010000000002
25.761339999999997
25.23834
24.664089999999998
24.040930000000003
23.37251
22.663710000000002
21.92058
21.150119999999998
20.36016
19.55904
18.75539
17.957900000000002
17.174999999999997
16.41467
15.68422
14.990160000000001
14.338090000000001
13.73264
13.17752
12.675510000000001
12.22866
11.838360000000002
11.50555
11.23086
11.014840000000001
10.85811
10.761510000000001
10.72622
10.75384
10.84643
11.00649
11.23688
11.54074
11.92131
12.38172
12.92482
13.552919999999999
14.26752
15.06916
15.957160000000002
16.92947
17.982599999999998
19.11155
20.309820000000002
21.56951
22.88152
24.235750000000003
25.62141
27.02739
28.44267
29.85676
31.26014
31.64477
33.00455
32.33578
35.137620000000005
37.91247
39.16637
40.2093
41.455499999999994
42.723609999999994
44.53686
45.92304
47.414500000000004
49.74795
51.564099999999996
55.10725
58.924580000000006
63.06544
66.08028999999999
70.0196
73.93254
78.86556
84.86088
90.45494000000001
96.67688
103.54705999999999
111.57574000000001
119.76203000000001
128.59302
138.04328
148.07480999999999
158.63725999999997
169.66863999999998
181.09646
192.8392
204.80807000000001
216.40917000000002
228.54565
240.62014
252.53703000000002
264.20477
275.53795
286.45912
296.9003200000001
306.80420999999996
316.12487
324.82815
332.89169
340.30451000000005
347.06637
353.18683000000004
358.68407
363.58362999999997
367.91704
371.72042
375.53314
378.39654999999993
380.8528
382.94381
384.71042
386.1917
387.42436
388.44241999999997
389.27692
389.95583
390.504
390.94331999999997
391.29274999999996
391.56863
391.7848
391.95292
392.0827
392.18215
392.25777
392.31486
392.35763
392.38944000000004
392.41292
392.43013
392.44264
385.95167000000004
385.95814
385.96274
389.96599000000003
391.9682700000001
391.96985
391.9709400000001
391.97168999999997
386.9722
384.97254
384.97277
384.97292999999996
384.97303
384.97309
384.97314
384.97315999999995
384.97317999999996
384.97319000000005
384.9732
384.9732
384.97321000000005
388.97321000000005
390.97321000000005
390.97321000000005
390.97321000000005
390.97321000000005
390.97321000000005
386.97321000000005
386.97321000000005
384.47321000000005
384.47321000000005
384.47321000000005
389.97321000000005
389.97321000000005
389.97321000000005
389.97321000000005
388.97321000000005
386.97321000000005
386.97321000000005
386.97321000000005
386.47321000000005
386.47321000000005
392.47321000000005
392.47321000000005
392.47321000000005
387.47321000000005
386.47321000000005
386.47321000000005
386.47321000000005
386.47321000000005
386.47321000000005
386.47321000000005
386.47321000000005
386.47321000000005
386.47321000000005
386.47321000000005
392.97321000000005
392.97321000000005
388.97321000000005
387.97321000000005
387.97321000000005
387.97321000000005
386.97321000000005
386.97321000000005
386.97321000000005
386.97321000000005
386.97321000000005
386.97321000000005
386.97321000000005
388.97321000000005
388.97321000000005
388.97321000000005
388.97321000000005
388.97321000000005
388.97321000000005
388.97321000000005
388.97321000000005
388.97321000000005
388.97321000000005
388.97321000000005
388.97321000000005
388.97321000000005
390.97321000000005
390.97321000000005
390.97321000000005
390.97321000000005
390.97321000000005
390.97321000000005
390.97321000000005
390.97321000000005
390.97321000000005
390.97321000000005
390.97321000000005
390.97321000000005
390.97321000000005
391.97321000000005
391.97321000000005
391.97321000000005
391.97321000000005
392.97321000000005
392.97321000000005
392.97321000000005
392.97321000000005
392.97321000000005
392.97321000000005
392.97321000000005
392.97321000000005
393.97321000000005
393.97321000000005
393.97321000000005
393.97321000000005
393.97321000000005
393.97321000000005
393.97321000000005
393.97321000000005
393.97321000000005
393.97321000000005
398.97321000000005
403.97321000000005
403.97321000000005
406.97321000000005
408.97321000000005
410.97321000000005
413.97321000000005
413.97321000000005
413.97321000000005
418.97321000000005
418.97321000000005
413.97321000000005
413.97321000000005
413.97321000000005
413.97321000000005
419.97321000000005
419.97321000000005
425.97321000000005
427.97321000000005
427.97321000000005
427.97321000000005
427.97321000000005
427.97321000000005
427.97321000000005
427.97321000000005
427.97321000000005
427.97321000000005
427.97321000000005
428.47321000000005
428.47321000000005
428.47321000000005
428.47321000000005
431.47321000000005
431.47321000000005
431.47321000000005
431.47321000000005
431.47321000000005
431.47321000000005
431.47321000000005
435.47321000000005
435.47321000000005
435.47321000000005
435.47321000000005
435.47321000000005
435.47321000000005
438.47321000000005
438.47321000000005
438.47321000000005
444.47321000000005
444.47321000000005
444.47321000000005
444.47321000000005
444.47321000000005
444.47321000000005
444.47321000000005
444.47321000000005
444.47321000000005
444.47321000000005
444.47321000000005
444.47321000000005
444.47321000000005
446.47321000000005
446.47321000000005
446.47321000000005
446.47321000000005
446.47321000000005
446.47321000000005
448.47321000000005
448.47321000000005
448.47321000000005
448.47321000000005
448.47321000000005
448.47321000000005
448.47321000000005
448.47321000000005
448.47321000000005
450.47321000000005
450.47321000000005
450.47321000000005
450.47321000000005
450.47321000000005
452.47321000000005
452.47321000000005
452.47321000000005
454.47321000000005
454.47321000000005
454.47321000000005
454.47321000000005
456.47321000000005
456.47321000000005
456.47321000000005
456.47321000000005
458.47321000000005
458.47321000000005
462.47321000000005
462.47321000000005
462.47321000000005
464.47321000000005
464.47321000000005
464.47321000000005
464.47321000000005
464.47321000000005
464.47321000000005
464.47321000000005
468.47321000000005
468.47321000000005
468.47321000000005
468.47321000000005
471.47321000000005
471.47321000000005
471.47321000000005
471.47321000000005
471.47321000000005
478.47321000000005
478.47321000000005
478.47321000000005
478.47321000000005
478.47321000000005
480.47321000000005
480.47321000000005
480.47321000000005
480.47321000000005
480.47321000000005
480.47321000000005
480.47321000000005
480.47321000000005
480.47321000000005
480.47321000000005
482.47321000000005
482.47321000000005
482.47321000000005
482.47321000000005
482.47321000000005
482.47321000000005
482.47321000000005
482.47321000000005
482.47321000000005
483.47321000000005
483.47321000000005
483.47321000000005
483.47321000000005
483.47321000000005
483.47321000000005
483.47321000000005
483.47321000000005
483.47321000000005
483.47321000000005
483.47321000000005
483.47321000000005
483.47321000000005
483.47321000000005
483.47321000000005
483.47321000000005
483.47321000000005
483.47321000000005
483.47321000000005
483.47321000000005
483.47321000000005
483.47321000000005
483.47321000000005
483.47321000000005
483.47321000000005
483.47321000000005
483.47321000000005
483.47321000000005
483.47321000000005
483.47321000000005
483.47321000000005
483.47321000000005
483.47321000000005
483.47321000000005
483.47321000000005
483.47321000000005
483.47321000000005
485.47321000000005
485.47321000000005
485.47321000000005
485.47321000000005
485.47321000000005
485.47321000000005
485.47321000000005
485.47321000000005
485.47321000000005
485.47321000000005
485.47321000000005
485.47321000000005
485.47321000000005
485.47321000000005
485.47321000000005
485.47321000000005
484.47321000000005
484.47321000000005
484.47321000000005
484.47321000000005
484.47321000000005
484.47321000000005
484.47321000000005
484.47321000000005
484.47321000000005
484.47321000000005
484.47321000000005
484.47321000000005
485.47321000000005
485.47321000000005
485.47321000000005
485.47321000000005
484.47321000000005
484.47321000000005
484.47321000000005
484.47321000000005
483.47321000000005
483.47321000000005
483.47321000000005
483.47321000000005
483.47321000000005
483.47321000000005
483.47321000000005
483.47321000000005
483.47321000000005
483.47321000000005
483.47321000000005
483.47321000000005
483.47321000000005
483.47321000000005
483.47321000000005
483.47321000000005
483.47321000000005
483.47321000000005
483.47321000000005
483.47321000000005
483.47321000000005
483.47321000000005
483.47321000000005
483.47321000000005
483.47321000000005
483.47321000000005
483.47321000000005
483.47321000000005
483.47321000000005
483.47321000000005
483.47321000000005
483.47321000000005
483.47321000000005
483.47321000000005
483.47321000000005
483.47321000000005
483.47321000000005
483.47321000000005
483.47321000000005
483.47321000000005
483.47321000000005
483.47321000000005
481.47321000000005
481.47321000000005
479.47321000000005
479.47321000000005
479.47321000000005
479.47321000000005
479.47321000000005
479.47321000000005
479.47321000000005
479.47321000000005
479.47321000000005
479.47321000000005
479.47321000000005
479.47321000000005
479.47321000000005
479.47321000000005
479.47321000000005
479.47321000000005
479.47321000000005
479.47321000000005
479.47321000000005
479.47321000000005
479.47321000000005
479.47321000000005
479.47321000000005
479.47321000000005
479.47321000000005
479.47321000000005
479.47321000000005
479.47321000000005
479.47321000000005
479.47321000000005
479.47321000000005
462.47321000000005
462.47321000000005
462.47321000000005
462.47321000000005
462.47321000000005
462.47321000000005
462.47321000000005
462.47321000000005
462.47321000000005
462.47321000000005
462.47321000000005
462.47321000000005
462.47321000000005
462.47321000000005
462.47321000000005
462.47321000000005
462.47321000000005
462.47321000000005
462.47321000000005
462.47321000000005
462.47321000000005
462.47321000000005
462.47321000000005
462.47321000000005
462.47321000000005
462.47321000000005
462.47321000000005
449.47321000000005
449.47321000000005
449.47321000000005
449.47321000000005
449.47321000000005
449.47321000000005
449.47321000000005
449.47321000000005
449.47321000000005
448.47321000000005
447.47321000000005
447.47321000000005
446.47321000000005
445.47321000000005
445.47321000000005
429.47321000000005
424.47321000000005
424.47321000000005
414.47321000000005
409.47321000000005
404.47321000000005
399.47321000000005
394.47321000000005
394.47321000000005
394.47321000000005
394.47321000000005
394.47321000000005
394.47321000000005
384.47321000000005
384.47321000000005
384.47321000000005
384.47321000000005
384.47321000000005
384.47321000000005
384.47321000000005
384.47321000000005
384.47321000000005
384.47321000000005
384.47321000000005
384.47321000000005
384.47321000000005
384.47321000000005
384.47321000000005
384.47321000000005
384.47321000000005
384.47321000000005
384.47321000000005
384.47321000000005
384.47321000000005
384.47321000000005
384.47321000000005
384.47321000000005
384.47321000000005
384.47321000000005
384.47321000000005
385.47321000000005
387.47321000000005
391.47321000000005
392.47321000000005
393.47321000000005
394.47321000000005
395.47321000000005
396.47321000000005
397.47321000000005
398.47321000000005
399.47321000000005
400.47321000000005
401.47321000000005
402.47321000000005
407.47321000000005
407.47321000000005
410.47321000000005
414.47321000000005
418.47321000000005
422.47321000000005
424.47321000000005
426.47321000000005
427.47321000000005
429.47321000000005
431.47321000000005
431.47321000000005
431.47321000000005
431.47321000000005
434.47321000000005
434.47321000000005
434.47321000000005
434.47321000000005
437.47321000000005
437.47321000000005
437.47321000000005
437.47321000000005
437.47321000000005
439.47321000000005
439.47321000000005
439.47321000000005
439.47321000000005
441.47321000000005
441.47321000000005
441.47321000000005
444.47321000000005
444.47321000000005
444.47321000000005
444.47321000000005
444.47321000000005
444.47321000000005
444.47321000000005
444.47321000000005
444.47321000000005
444.47321000000005
444.47321000000005
444.47321000000005
444.47321000000005
444.47321000000005
444.47321000000005
444.47321000000005
444.47321000000005
444.47321000000005
444.47321000000005
444.47321000000005
444.47321000000005
444.47321000000005
444.47321000000005
444.47321000000005
444.47321000000005
444.47321000000005
444.47321000000005
444.47321000000005
444.47321000000005
444.47321000000005
444.47321000000005
444.47321000000005
444.47321000000005
444.47321000000005
444.47321000000005
444.47321000000005
444.47321000000005
444.47321000000005
444.47321000000005
444.47321000000005
444.47321000000005
444.47321000000005
444.47321000000005
444.47321000000005
444.47321000000005
444.47321000000005
444.47321000000005
444.47321000000005
444.47321000000005
444.47321000000005
444.47321000000005
444.47321000000005
444.47321000000005
444.47321000000005
444.47321000000005
444.47321000000005
444.47321000000005
444.47321000000005
444.47321000000005
444.47321000000005
444.47321000000005
444.47321000000005
444.47321000000005
444.47321000000005
444.47321000000005
444.47321000000005
444.47321000000005
444.47321000000005
444.47321000000005
444.47321000000005
444.47321000000005
444.47321000000005
444.47321000000005
446.47321000000005
446.47321000000005
446.47321000000005
446.47321000000005
446.47321000000005
446.47321000000005
446.47321000000005
446.47321000000005
446.47321000000005
446.47321000000005
446.47321000000005
446.47321000000005
446.47321000000005
446.47321000000005
446.47321000000005
446.47321000000005
446.47321000000005
446.47321000000005
446.47321000000005
446.47321000000005
446.47321000000005
446.47321000000005
446.47321000000005
446.47321000000005
446.47321000000005
446.47321000000005
446.47321000000005
446.47321000000005
446.47321000000005
446.47321000000005
446.47321000000005
446.47321000000005
446.47321000000005
446.47321000000005
446.47321000000005
446.47321000000005
442.47321000000005
442.47321000000005
442.47321000000005
442.47321000000005
442.47321000000005
442.47321000000005
442.47321000000005
442.47321000000005
442.47321000000005
442.47321000000005
442.47321000000005
442.47321000000005
442.47321000000005
442.47321000000005
442.47321000000005
442.47321000000005
442.47321000000005
442.47321000000005
442.47321000000005
442.47321000000005
442.47321000000005
442.47321000000005
442.47321000000005
442.47321000000005
442.47321000000005
442.47321000000005
442.47321000000005
442.47321000000005
439.47321000000005
439.47321000000005
439.47321000000005
439.47321000000005
439.47321000000005
439.47321000000005
439.47321000000005
439.47321000000005
439.47321000000005
439.47321000000005
439.47321000000005
439.47321000000005
439.47321000000005
439.47321000000005
439.47321000000005
439.47321000000005
439.47321000000005
439.47321000000005
439.47321000000005
439.47321000000005
439.47321000000005
439.47321000000005
439.47321000000005
439.47321000000005
439.47321000000005
439.47321000000005
439.47321000000005
439.47321000000005
439.47321000000005
439.47321000000005
439.47321000000005
439.47321000000005
439.47321000000005
439.47321000000005
432.47321000000005
432.47321000000005
432.47321000000005
432.47321000000005
432.47321000000005
432.47321000000005
432.47321000000005
432.47321000000005
432.47321000000005
432.47321000000005
432.47321000000005
432.47321000000005
432.47321000000005
432.47321000000005
432.47321000000005
432.47321000000005
432.47321000000005
432.47321000000005
432.47321000000005
432.47321000000005
432.47321000000005
432.47321000000005
428.47321000000005
428.47321000000005
428.47321000000005
428.47321000000005
428.47321000000005
428.47321000000005
428.47321000000005
428.47321000000005
428.47321000000005
428.47321000000005
428.47321000000005
428.47321000000005
428.47321000000005
428.47321000000005
428.47321000000005
428.47321000000005
428.47321000000005
423.47321000000005
423.47321000000005
423.47321000000005
423.47321000000005
423.47321000000005
423.47321000000005
423.47321000000005
423.47321000000005
423.47321000000005
423.47321000000005
423.47321000000005
423.47321000000005
423.47321000000005
423.47321000000005
423.47321000000005
423.47321000000005
423.47321000000005
418.47321000000005
418.47321000000005
418.47321000000005
418.47321000000005
418.47321000000005
418.47321000000005
418.47321000000005
418.47321000000005
418.47321000000005
418.47321000000005
418.47321000000005
418.47321000000005
418.47321000000005
418.47321000000005
418.47321000000005
418.47321000000005
418.47321000000005
418.47321000000005
418.47321000000005
418.47321000000005
418.47321000000005
418.47321000000005
418.47321000000005
418.47321000000005
418.47321000000005
418.47321000000005
418.47321000000005
418.47321000000005
418.47321000000005
418.47321000000005
418.47321000000005
418.47321000000005
418.47321000000005
418.47321000000005
412.47321000000005
412.47321000000005
412.47321000000005
412.47321000000005
412.47321000000005
409.47321000000005
409.47321000000005
409.47321000000005
409.47321000000005
409.47321000000005
407.47321000000005
407.47321000000005
407.47321000000005
407.47321000000005
404.47321000000005
404.47321000000005
402.47321000000005
402.47321000000005
402.47321000000005
399.47321000000005
399.47321000000005
399.47321000000005
398.47321000000005
397.47321000000005
397.47321000000005
397.47321000000005
397.47321000000005
397.47321000000005
396.47321000000005
396.47321000000005
396.47321000000005
396.47321000000005
396.47321000000005
394.47321000000005
391.47321000000005
389.47321000000005
391.47321000000005
391.47321000000005
391.47321000000005
391.47321000000005
391.47321000000005
391.47321000000005
391.47321000000005
391.47321000000005
391.47321000000005
391.47321000000005
389.47321000000005
389.47321000000005
389.47321000000005
388.47321000000005
388.47321000000005
388.47321000000005
388.47321000000005
388.47321000000005
388.47321000000005
388.47321000000005
388.47321000000005
388.47321000000005
388.47321000000005
386.47321000000005
386.47321000000005
386.47321000000005
386.47321000000005
386.47321000000005
386.47321000000005
386.47321000000005
386.47321000000005
386.47321000000005
386.47321000000005
386.47321000000005
385.47321000000005
385.47321000000005
385.47321000000005
385.47321000000005
385.47321000000005
385.47321000000005
385.47321000000005
385.47321000000005
385.47321000000005
384.47321000000005
384.47321000000005
384.47321000000005
384.47321000000005
384.47321000000005
384.47321000000005
384.47321000000005
384.47321000000005
384.47321000000005
384.47321000000005
384.47321000000005
384.47321000000005
384.47321000000005
384.47321000000005
384.47321000000005
384.47321000000005
384.47321000000005
384.47321000000005
384.47321000000005
384.47321000000005
384.47321000000005
384.47321000000005
384.47321000000005
384.47321000000005
384.47321000000005
384.47321000000005
384.47321000000005
384.47321000000005
384.47321000000005
384.47321000000005
384.47321000000005
384.47321000000005
384.47321000000005
384.47321000000005
384.47321000000005
384.47321000000005
384.47321000000005
384.47321000000005
384.47321000000005
384.47321000000005
384.47321000000005
384.47321000000005
384.47321000000005
384.47321000000005
384.47321000000005
384.47321000000005
384.47321000000005
384.47321000000005
384.47321000000005
384.47321000000005
384.47321000000005
384.47321000000005
384.47321000000005
384.47321000000005
384.47321000000005
384.47321000000005
384.47321000000005
384.47321000000005
384.47321000000005
384.47321000000005
384.47321000000005
384.47321000000005
384.47321000000005
384.47321000000005
384.47321000000005
384.47321000000005
384.47321000000005
384.47321000000005
384.47321000000005
384.47321000000005
384.47321000000005
384.47321000000005
384.47321000000005
384.47321000000005
384.47321000000005
384.47321000000005
384.47321000000005
384.47321000000005
384.47321000000005
384.47321000000005
384.47321000000005
384.47321000000005
384.47321000000005
384.47321000000005
384.47321000000005
384.47321000000005
384.47321000000005
384.47321000000005
384.47321000000005
384.47321000000005
384.47321000000005
384.47321000000005
384.47321000000005
384.47321000000005
384.47321000000005
384.47321000000005
384.47321000000005
384.47321000000005
384.47321000000005
384.47321000000005
384.47321000000005
384.47321000000005
384.47321000000005
384.47321000000005
384.47321000000005
384.47321000000005
384.47321000000005
384.47321000000005
384.47321000000005
384.47321000000005
384.47321000000005
384.47321000000005
384.47321000000005
384.47321000000005
384.47321000000005
384.47321000000005
384.47321000000005
384.47321000000005
384.47321000000005
384.47321000000005
384.47321000000005
384.47321000000005
384.47321000000005
384.47321000000005
384.47321000000005
384.47321000000005
384.47321000000005
384.47321000000005
384.47321000000005
384.47321000000005
384.47321000000005
384.47321000000005
384.47321000000005
384.47321000000005
384.47321000000005
384.47321000000005
384.47321000000005
384.47321000000005
384.47321000000005
384.47321000000005
384.47321000000005
384.47321000000005
384.47321000000005
384.47321000000005
384.47321000000005
384.47321000000005
384.47321000000005
384.47321000000005
384.47321000000005
384.47321000000005
384.47321000000005
384.47321000000005
384.47321000000005
384.47321000000005
384.47321000000005
384.47321000000005
384.47321000000005
384.47321000000005
384.47321000000005
384.47321000000005
384.47321000000005
384.47321000000005
384.47321000000005
384.47321000000005
384.47321000000005
384.47321000000005
384.47321000000005
384.47321000000005
384.47321000000005
384.47321000000005
384.47321000000005
384.47321000000005
384.47321000000005
384.47321000000005
384.47321000000005
384.47321000000005
384.47321000000005
384.47321000000005
384.47321000000005
384.47321000000005
384.47321000000005
384.47321000000005
384.47321000000005
384.47321000000005
384.47321000000005
384.47321000000005
384.47321000000005
384.47321000000005
384.47321000000005
384.47321000000005
384.47321000000005
384.47321000000005
384.47321000000005
384.47321000000005
384.47321000000005
384.47321000000005
384.47321000000005
384.47321000000005
384.47321000000005
384.47321000000005
384.47321000000005
384.47321000000005
384.47321000000005
384.47321000000005
384.47321000000005
384.47321000000005
384.47321000000005
384.47321000000005
384.47321000000005
384.47321000000005
384.47321000000005
384.47321000000005
384.47321000000005
384.47321000000005
384.47321000000005
384.47321000000005
384.47321000000005
384.47321000000005
384.47321000000005
384.47321000000005
384.47321000000005
384.47321000000005
384.47321000000005
384.47321000000005
384.47321000000005
384.47321000000005
384.47321000000005
384.47321000000005
384.47321000000005
384.47321000000005
384.47321000000005
384.47321000000005
384.47321000000005
384.47321000000005
384.47321000000005
384.47321000000005
384.47321000000005
384.47321000000005
384.47321000000005
384.47321000000005
384.47321000000005
384.47321000000005
384.47321000000005
384.47321000000005
384.47321000000005
384.47321000000005
384.47321000000005
384.47321000000005
384.47321000000005
384.47321000000005
384.47321000000005
384.47321000000005
384.47321000000005
384.47321000000005
384.47321000000005
384.47321000000005
384.47321000000005
384.47321000000005
384.47321000000005
384.47321000000005
384.47321000000005
384.47321000000005
384.47321000000005
384.47321000000005
384.47321000000005
384.47321000000005
384.47321000000005
384.47321000000005
384.47321000000005
384.47321000000005
384.47321000000005
384.47321000000005
384.47321000000005
384.47321000000005
384.47321000000005
384.47321000000005
384.47321000000005
384.47321000000005
384.47321000000005
384.47321000000005
384.47321000000005
384.47321000000005
384.47321000000005
384.47321000000005
384.47321000000005
384.47321000000005
384.47321000000005
384.47321000000005
384.47321000000005
384.47321000000005
384.47321000000005
384.47321000000005
384.47321000000005
384.47321000000005
384.47321000000005
384.47321000000005
384.47321000000005
384.47321000000005
384.47321000000005
384.47321000000005
384.47321000000005
384.47321000000005
384.47321000000005
384.47321000000005
384.47321000000005
384.47321000000005
384.47321000000005
384.47321000000005
384.47321000000005
384.47321000000005
384.47321000000005
384.47321000000005
384.47321000000005
384.47321000000005
384.47321000000005
384.47321000000005
384.47321000000005
384.47321000000005
384.47321000000005
384.47321000000005
384.47321000000005
384.47321000000005
384.47321000000005
384.47321000000005
384.47321000000005
384.47321000000005
384.47321000000005
384.47321000000005
384.47321000000005
384.47321000000005
384.47321000000005
384.47321000000005
384.47321000000005
384.47321000000005
384.47321000000005
384.47321000000005
384.47321000000005
384.47321000000005
384.47321000000005
384.47321000000005
384.47321000000005
384.47321000000005
384.47321000000005
384.47321000000005
384.47321000000005
384.47321000000005
384.47321000000005
384.47321000000005
384.47321000000005
384.47321000000005
384.47321000000005
384.47321000000005
384.47321000000005
384.47321000000005
384.47321000000005
384.47321000000005
384.47321000000005
384.47321000000005
384.47321000000005
384.47321000000005
384.47321000000005
384.47321000000005
384.47321000000005
384.47321000000005
384.47321000000005
384.47321000000005
384.47321000000005
384.47321000000005
384.47321000000005
384.47321000000005
384.47321000000005
384.47321000000005
384.47321000000005
384.47321000000005
384.47321000000005
384.47321000000005
384.47321000000005
384.47321000000005
384.47321000000005
384.47321000000005
384.47321000000005
384.47321000000005
384.47321000000005
384.47321000000005
384.47321000000005
384.47321000000005
384.47321000000005
384.47321000000005
384.47321000000005
384.47321000000005
384.47321000000005
384.47321000000005
384.47321000000005
384.47321000000005
384.47321000000005
384.47321000000005
384.47321000000005
384.47321000000005
384.47321000000005
384.47321000000005
384.47321000000005
384.47321000000005
384.47321000000005
384.47321000000005
384.47321000000005
384.47321000000005
384.47321000000005
384.47321000000005
384.47321000000005
384.47321000000005
384.47321000000005
384.47321000000005
384.47321000000005
384.47321000000005
384.47321000000005
384.47321000000005
384.47321000000005
384.47321000000005
384.47321000000005
384.47321000000005
384.47321000000005
384.47321000000005
384.47321000000005
384.47321000000005
384.47321000000005
384.47321000000005
384.47321000000005
384.47321000000005
384.47321000000005
384.47321000000005
384.47321000000005
384.47321000000005
384.47321000000005
384.47321000000005
384.47321000000005
384.47321000000005
384.47321000000005
384.47321000000005
384.47321000000005
384.47321000000005
384.47321000000005
384.47321000000005
384.47321000000005
384.47321000000005
384.47321000000005
384.47321000000005
384.47321000000005
384.47321000000005
384.47321000000005
384.47321000000005
384.47321000000005
384.47321000000005
384.47321000000005
384.47321000000005
384.47321000000005
384.47321000000005
384.47321000000005
384.47321000000005
384.47321000000005
384.47321000000005
384.47321000000005
384.47321000000005
384.47321000000005
384.47321000000005
384.47321000000005
384.47321000000005
384.47321000000005
384.47321000000005
384.47321000000005
384.47321000000005
384.47321000000005
384.47321000000005
384.47321000000005
384.47321000000005
384.47321000000005
384.47321000000005
384.47321000000005
384.47321000000005
384.47321000000005
384.47321000000005
384.47321000000005
384.47321000000005
384.47321000000005
384.47321000000005
384.47321000000005
384.47321000000005
384.47321000000005
384.47321000000005
384.47321000000005
384.47321000000005
384.47321000000005
384.47321000000005
384.47321000000005
384.47321000000005
384.47321000000005
384.47321000000005
384.47321000000005
384.47321000000005
384.47321000000005
384.47321000000005
384.47321000000005
384.47321000000005
384.47321000000005
384.47321000000005
384.47321000000005
384.47321000000005
384.47321000000005
384.47321000000005
384.47321000000005
384.47321000000005
384.47321000000005
384.47321000000005
384.47321000000005
384.47321000000005
384.47321000000005
384.47321000000005
384.47321000000005
384.47321000000005
384.47321000000005
384.47321000000005
384.47321000000005
384.47321000000005
384.47321000000005
384.47321000000005
384.47321000000005
384.47321000000005
384.47321000000005
384.47321000000005
384.47321000000005
384.47321000000005
384.47321000000005
384.47321000000005
384.47321000000005
384.47321000000005
384.47321000000005
384.47321000000005
384.47321000000005
384.47321000000005
384.47321000000005
384.47321000000005
384.47321000000005
384.47321000000005
384.47321000000005
384.47321000000005
384.47321000000005
384.47321000000005
384.47321000000005
384.47321000000005
384.47321000000005
384.47321000000005
384.47321000000005
384.47321000000005
384.47321000000005
384.47321000000005
384.47321000000005
384.47321000000005
384.47321000000005
384.47321000000005
384.47321000000005
384.47321000000005
384.47321000000005
384.47321000000005
384.47321000000005
384.47321000000005
384.47321000000005
384.47321000000005
384.47321000000005
384.47321000000005
384.47321000000005
384.47321000000005
384.47321000000005
384.47321000000005
384.47321000000005
384.47321000000005
384.47321000000005
384.47321000000005
384.47321000000005
384.47321000000005
384.47321000000005
384.47321000000005
384.47321000000005
384.47321000000005
384.47321000000005
384.47321000000005
384.47321000000005
384.47321000000005
384.47321000000005
384.47321000000005
384.47321000000005
384.47321000000005
384.47321000000005
384.47321000000005
384.47321000000005
384.47321000000005
384.47321000000005
384.47321000000005
384.47321000000005
384.47321000000005
384.47321000000005
384.47321000000005
384.47321000000005
384.47321000000005
384.47321000000005
384.47321000000005
384.47321000000005
384.47321000000005
384.47321000000005
384.47321000000005
384.47321000000005
384.47321000000005
384.47321000000005
384.47321000000005
384.47321000000005
384.47321000000005
384.47321000000005
384.47321000000005
384.47321000000005
384.47321000000005
384.47321000000005
384.47321000000005
384.47321000000005
384.47321000000005
384.47321000000005
384.47321000000005
384.47321000000005
384.47321000000005
384.47321000000005
384.47321000000005
384.47321000000005
384.47321000000005
384.47321000000005
384.47321000000005
384.47321000000005
384.47321000000005
384.47321000000005
384.4732
384.4732
384.47319000000005
384.47317999999996
384.47315999999995
384.47312
384.47307
384.47298
384.47285
384.47265000000004
384.47235
384.47189
384.4712
384.47019
384.4687
384.46655000000004
384.46346
384.4590599999999
384.45286
384.44419
384.43217
384.41568000000007
384.3932299999999
384.36295000000007
384.32244000000003
384.26874999999995
384.19816000000003
384.10616
383.98726
383.83488
383.6412
383.39704
383.09174999999993
382.71308999999997
382.24717999999996
381.67841
380.98949999999996
380.16149
379.17386000000005
378.00469000000004
376.6308300000001
375.02824
373.17226
371.03798
368.60071
365.83639
362.72204
359.23627999999997
355.35976999999997
351.07566
346.36996
341.23199
335.65461000000005
329.63451000000003
323.17242000000005
316.27321
308.946
301.20415
293.06525999999997
284.55111
275.6875
266.50415000000004
257.03451
247.31547999999998
237.38721999999999
227.29276000000002
217.07769
206.78969
196.47808
186.19324
175.98601000000002
165.90704000000002
156.00607
146.33121
136.92819
127.83963
119.10436999999999
110.75686
102.82656
95.33758999999999
88.30837
82.75147
77.67362
73.57576
69.45338
65.29683
61.59187
58.3202
54.96014
52.48727
50.375170000000004
48.096050000000005
46.12144
44.42273
42.97179
41.741350000000004
40.7054
39.83952
39.121039999999994
38.52924
39.045339999999996
38.65258
38.33616
38.08313
37.88229
37.72407
37.600350000000006
38.50435
38.43041
38.37389
38.33101
38.29874
37.77462
36.55675
36.343599999999995
35.93399
35.72704
34.72204
30.218469999999996
30.21595
30.21418
30.212939999999996
30.21209
30.2115
30.211109999999998
30.21084
30.210659999999997
30.21054
30.21046
30.21041
30.210369999999998
30.21035
30.21034
30.210330000000003
30.210330000000003
30.21032
30.21032
29.21032
29.21032
29.21032
29.21032
29.21032
29.21032
29.21032
29.21032
29.21032
29.21032
29.21032
29.21032
29.21032
29.21032
29.21032
29.21032
29.21032
29.21032
29.21032
29.21032
29.21032
29.21032
29.21032
29.21032
29.21032
29.21032
29.21032
29.21032
29.21032
29.21032
29.21032
29.21032
29.21032
29.21032
29.21032
29.21032
29.21032
29.21032
29.21032
29.21032
29.21032
29.21032
29.21032
29.21032
29.21032
29.21032
29.21032
29.21032
29.21032
29.21032
29.21032
29.21032
29.21032
29.21032
29.21032
29.21032
29.21032
29.21032
29.21032
29.21032
29.21032
29.21032
29.21032
29.21032
29.21032
29.21032
29.21032
29.21032
29.21032
29.21032
29.21032
29.21032
29.21032
29.21032
29.21032
29.21032
29.21032
29.21032
29.21032
29.21032
29.21032
29.21032
29.21032
29.21032
29.21032
29.21032
29.21032
29.21032
29.21032
29.21032
29.21032
29.21032
29.21032
29.21032
29.21032
29.21032
29.21032
29.21032
29.21032
29.21032
29.21032
29.21032
29.21032
29.21032
29.21032
29.21032
29.21032
29.21032
29.21032
29.21032
29.21032
29.21032
29.21032
29.21032
29.21032
29.21032
29.21032
29.21032
29.21032
29.21032
29.21032
29.21032
29.21032
29.21032
29.21032
29.21032
29.21032
29.21032
29.21032
29.21032
29.21032
29.21032
29.21032
29.21032
29.21032
29.21032
29.21032
29.21032
29.21032
29.21032
29.21032
29.21032
29.21032
29.21032
29.21032
29.21032
29.21032
29.21032
29.21032
29.21032
29.21032
29.21032
29.21032
29.21032
29.21032
29.21032
29.21032
29.21032
29.21032
29.21032
29.21032
29.21032
29.21032
29.21032
29.21032
29.21032
29.21032
29.21032
29.21032
29.21032
29.21032
29.21032
29.21032
29.21032
29.21032
29.21032
29.21032
29.21032
29.21032
29.21032
29.21032
29.21032
29.21032
29.21032
29.21032
29.21032
29.21032
29.21032
29.21032
29.21032
29.21032
29.21032
29.21032
29.21032
29.21032
29.21032
29.21032
29.21032
29.21032
29.21032
29.21032
29.21032
29.21032
29.21032
29.21032
29.21032
29.21032
29.21032
29.21032
29.21032
29.21032
29.21032
29.21032
29.21032
29.21032
29.21032
29.21032
29.21032
29.21032
29.21032
29.21032
29.21032
29.21032