25.122890
25.122890
25.122890
25.122891
25.122896
25.122932
25.123083
25.123579
25.124914
25.127996
25.134287
25.145874
25.165452
25.196174
25.241386
25.304275
25.387498
25.492829
25.620898
25.771063
25.941405
26.128872
26.329519
26.538815
26.751986
26.964337
27.171531
27.369806
27.556121
27.728218
27.884628
28.024621
28.148115
28.255563
28.347832
28.426081
28.491655
28.545982
28.590503
28.626607
28.655593
28.678640
28.696795
28.710969
28.721939
28.730359
28.736770
28.741613
28.745244
28.747946
28.749942
28.751408
28.752476
28.753249
28.753806
28.754204
28.754487
28.754686
28.754827
28.754924
28.754992
28.755038
28.755068
28.755087
28.755097
28.755099
28.755093
28.755077
28.755049
28.755003
28.754933
28.754828
28.754672
28.754446
28.754122
28.753662
28.753015
28.752117
28.750881
28.749198
28.746928
28.743898
28.739889
28.734635
28.727811
28.719028
28.707822
28.693647
28.675869
28.653755
28.626476
28.593092
28.552563
28.503740
28.445379
28.376140
28.294609
28.199303
28.088702
27.961262
27.815450
27.649772
27.462807
27.253242
27.019910
26.761825
26.478218
26.168571
25.832648
25.470518
25.082584
24.669590
24.232635
23.773177
23.293025
22.794332
22.279576
21.751535
21.213264
20.668055
20.119407
19.570986
19.026581
18.490072
17.965380
17.456438
16.967150
16.501359
16.062816
15.655153
15.281861
14.946265
14.651508
14.400537
14.196085
14.040666
13.936558
13.885797
13.890173
13.951220
14.070213
14.248170
14.485848
14.783753
15.142145
15.561059
16.040322
16.579581
17.178343
17.836015
18.551960
19.325559
20.156273
21.043728
21.987790
22.988656
24.046942
25.163772
26.340871
27.580644
28.886265
30.261739
31.711969
33.242796
34.861039
36.574500
38.391966
40.323178
42.378786
44.570276
46.909879
49.410449
52.085329
54.948184
58.012817
61.292970
64.802105
68.553165
72.558335
76.828789
81.374434
86.203661
91.323096
96.737368
102.448894
108.457686
114.761186
121.354137
128.228487
135.373343
142.774962
150.416794
158.279574
166.341457
174.578210
182.963436
191.468855
200.064605
208.719589
217.401834
226.078875
234.718144
243.287363
251.754929
260.090285
268.264265
276.249421
284.020304
291.553714
298.828903
305.827732
312.534785
318.937435
325.025856
330.793002
336.234536
341.348727
346.136306
350.600301
354.745849
358.579979
362.111399
365.350261
368.307938
370.996788
373.429942
375.621091
377.584290
379.333777
380.883819
382.248560
383.441905
384.477417
385.368232
386.126992
386.765800
387.296186
387.729084
388.074830
388.343153
388.543193
388.683509
388.772093
388.816395
388.823335
388.799322
388.750272
388.681619
388.598324
388.504889
388.405357
388.303320
388.201925
388.103876
388.011444
387.926474
387.850399
387.784255
387.728705
387.684062
387.650323
387.627199
387.614158
387.610464
387.615215
387.627393
387.645898
387.669589
387.697322
387.727979
387.760499
387.793894
387.827273
387.859849
387.890949
387.920020
387.946624
387.970440
387.991254
388.008958
388.023535
388.035057
388.043671
388.049589
388.053082
388.054467
388.054098
388.052357
388.049647
388.046382
388.042980
388.039857
388.037421
388.036069
388.036186
388.038137
388.042275
388.048935
388.058437
388.071089
388.087187
388.107017
388.130855
388.158966
388.191604
388.229009
388.271402
388.318984
388.371925
388.430365
388.494403
388.564097
388.639457
388.720443
388.806965
388.898881
388.996007
389.098112
389.204932
389.316178
389.431542
389.550712
389.673381
389.799265
389.928109
390.059710
390.193921
390.330671
390.469978
390.611961
390.756853
390.905017
391.056958
391.213334
391.374975
391.542889
391.718275
391.902534
392.097273
392.304308
392.525664
392.763566
393.020424
393.298812
393.601433
393.931083
394.290598
394.682798
395.110415
395.576026
396.081973
396.630282
397.222587
397.860059
398.543339
399.272484
400.046933
400.865477
401.726262
402.626801
403.564011
404.534263
405.533452
406.557078
407.600337
408.658218
409.725604
410.797369
411.868472
412.934042
413.989460
415.030420
416.052992
417.053666
418.029388
418.977593
419.896221
420.783735
421.639126
422.461917
423.252160
424.010420
424.737759
425.435709
426.106233
426.751679
427.374722
427.978295
428.565515
429.139598
429.703770
430.261179
430.814798
431.367344
431.921194
432.478316
433.040211
433.607867
434.181740
434.761734
435.347225
435.937080
436.529711
437.123136
437.715061
438.302973
438.884237
439.456201
440.016304
440.562173
441.091714
441.603189
442.095276
442.567112
443.018307
443.448944
443.859557
444.251093
444.624852
444.982433
445.325659
445.656514
445.977082
446.289487
446.595857
446.898286
447.198817
447.499429
447.802039
448.108499
448.420609
448.740115
449.068715
449.408055
449.759722
450.125231
450.506011
450.903379
451.318518
451.752457
452.206044
452.679925
453.174520
453.690011
454.226319
454.783100
455.359734
455.955332
456.568743
457.198583
457.843276
458.501108
459.170309
459.849136
460.535980
461.229464
461.928545
462.632588
463.341417
464.055321
464.775018
465.501552
466.236156
466.980056
467.734247
468.499258
469.274913
470.060130
470.852763
471.649520
472.445973
473.236652
474.015258
474.774951
475.508732
476.209858
476.872287
477.491084
478.062769
478.585546
479.059395
479.486014
479.868595
480.211474
480.519691
480.798509
481.052962
481.287481
481.505652
481.710113
481.902596
482.084073
482.254966
482.415351
482.565129
482.704113
482.832055
482.948628
483.053418
483.145949
483.225790
483.292702
483.346819
483.388773
483.419734
483.441327
483.455454
483.464053
483.468880
483.471354
483.472499
483.472970
483.473140
483.473193
483.473207
483.473209
483.473210
483.473210
483.473210
483.473210
483.473210
483.473210
483.473210
483.473210
483.473210
483.473210
483.473210
483.473230
483.475338
483.496526
483.574113
483.737951
483.983660
484.275778
484.569431
484.829450
485.037862
485.191882
485.297931
485.365803
485.404745
485.421594
485.420450
485.403274
485.370887
485.323983
485.263905
485.193051
485.114892
485.033680
484.953971
484.880090
484.815640
484.763134
484.723763
484.697317
484.682246
484.675851
484.674579
484.674401
484.671232
484.661334
484.641687
484.610248
484.566100
484.509467
484.441606
484.364600
484.281096
484.194013
484.106267
484.020539
483.939102
483.863716
483.795589
483.735393
483.683320
483.639172
483.602449
483.572454
483.548375
483.529357
483.514558
483.503190
483.494529
483.487932
483.482823
483.478681
483.475018
483.471352
483.467177
483.461937
483.454992
483.445600
483.432900
483.415901
483.393489
483.364442
483.327467
483.281242
483.224478
483.155989
483.074772
482.980075
482.871476
482.748935
482.612836
482.464005
482.303697
482.133562
481.955581
481.771984
481.585141
481.397451
481.211220
481.028538
480.851166
480.680436
480.517162
480.361571
480.213256
480.071145
479.933497
479.797912
479.661371
479.520290
479.370603
479.207860
479.027359
478.824284
478.593877
478.331610
478.033376
477.695674
477.315789
476.891946
476.423446
475.910748
475.355518
474.760613
474.130016
473.468710
472.782510
472.077835
471.361463
470.640258
469.920888
469.209558
468.511755
467.832041
467.173875
466.539493
465.929841
465.344562
464.782033
464.239446
463.712934
463.197712
462.688249
462.178442
461.661778
461.131506
460.580767
460.002718
459.390621
458.737914
458.038251
457.285528
456.473899
455.597780
454.651864
453.631139
452.530926
451.346942
450.075380
448.713019
447.257352
445.706736
444.060545
442.319325
440.484939
438.560690
436.551403
434.463483
432.304900
430.085142
427.815099
425.506898
423.173691
420.829396
418.488416
416.165330
413.874583
411.630181
409.445403
407.332546
405.302706
403.365606
401.529473
399.800972
398.185185
396.685641
395.304397
394.042147
392.898368
391.871485
390.959059
390.157965
389.464592
388.875010
388.385147
387.990933
387.688427
387.473922
387.344025
387.295710
387.326350
387.433724
387.616007
387.871739
388.199784
388.599269
389.069526
389.610016
390.220259
390.899757
391.647918
392.463987
393.346979
394.295613
395.308261
396.382901
397.517076
398.707868
399.951881
401.245236
402.583576
403.962089
405.375539
406.818312
408.284474
409.767841
411.262058
412.760684
414.257283
415.745523
417.219263
418.672647
420.100184
421.496825
422.858023
424.179782
425.458690
426.691933
427.877303
429.013180
430.098503
431.132737
432.115819
433.048103
433.930301
434.763419
435.548700
436.287558
436.981534
437.632241
438.241331
438.810458
439.341261
439.835341
440.294260
440.719531
441.112625
441.474974
441.807981
442.113025
442.391473
442.644685
442.874024
443.080853
443.266540
443.432459
443.579979
443.710466
443.825271
443.925720
444.013111
444.088697
444.153683
444.209215
444.256374
444.296168
444.329534
444.357327
444.380326
444.399232
444.414671
444.427194
444.437287
444.445370
444.451805
444.456903
444.460928
444.464102
444.466614
444.468624
444.470267
444.471660
444.472906
444.474098
444.475323
444.476668
444.478219
444.480070
444.482319
444.485078
444.488470
444.492631
444.497715
444.503891
444.511346
444.520282
444.530917
444.543480
444.558211
444.575354
444.595155
444.617853
444.643674
444.672825
444.705485
444.741796
444.781857
444.825716
444.873362
444.924723
444.979656
445.037953
445.099330
445.163441
445.229871
445.298148
445.367747
445.438104
445.508620
445.578675
445.647640
445.714886
445.779792
445.841758
445.900208
445.954598
446.004414
446.049179
446.088446
446.121800
446.148851
446.169232
446.182592
446.188595
446.186914
446.177235
446.159253
446.132680
446.097250
446.052729
445.998926
445.935706
445.863007
445.780854
445.689370
445.588795
445.479490
445.361949
445.236794
445.104777
444.966767
444.823736
444.676740
444.526890
444.375327
444.223183
444.071553
443.921455
443.773803
443.629373
443.488782
443.352467
443.220674
443.093456
442.970676
442.852021
442.737021
442.625077
442.515494
442.407516
442.300366
442.193290
442.085588
441.976655
441.866011
441.753325
441.638433
441.521345
441.402251
441.281504
441.159612
441.037208
440.915020
440.793835
440.674458
440.557670
440.444186
440.334612
440.229411
440.128864
440.033046
439.941804
439.854741
439.771214
439.690327
439.610950
439.531729
439.451113
439.367386
439.278709
439.183163
439.078806
438.963729
438.836122
438.694339
438.536970
438.362901
438.171378
437.962063
437.735069
437.490990
437.230904
436.956360
436.669338
436.372187
436.067542
435.758222
435.447115
435.137049
434.830674
434.530337
434.237983
433.955072
433.682525
433.420700
433.169406
432.927946
432.695188
432.469669
432.249704
432.033513
431.819337
431.605557
431.390774
431.173880
430.954088
430.730930
430.504229
430.274035
430.040549
429.804031
429.564713
429.322718
429.078004
428.830338
428.579298
428.324319
428.064763
427.800015
427.529589
427.253236
426.971028
426.683414
426.391231
426.095662
425.798150
425.500258
425.203509
424.909201
424.618244
424.331022
424.047322
423.766324
423.486681
423.206681
422.924478
422.638361
422.347054
422.049989
421.747519
421.441051
421.133063
420.827001
420.527058
420.237859
419.964084
419.710071
419.479454
419.274870
419.097770
418.948364
418.825681
418.727745
418.651822
418.594709
418.553017
418.523411
418.502784
418.488349
418.477632
418.468390
418.458447
418.445470
418.426686
418.398574
418.356541
418.294628
418.205298
418.079400
417.906395
417.674959
417.374022
416.994252
416.529838
415.980298
415.351878
414.658045
413.918679
413.157831
412.400323
411.667902
410.975835
410.330724
409.729830
409.161667
408.607339
408.042205
407.437913
406.765548
406.001823
405.141118
404.212279
403.282798
402.402976
401.410114
399.473210
399.473210
399.128833
398.554311
398.082353
397.749737
397.498025
397.267032
397.012563
396.699979
396.303092
395.811607
395.237776
394.614860
393.987429
393.398617
392.879847
392.445930
392.095549
391.815333
391.585360
391.384356
391.193640
390.999450
390.793772
390.573968
390.341618
390.100977
389.857406
389.616050
389.380925
389.154471
388.937543
388.729717
388.529770
388.336202
388.147676
387.963302
387.782749
387.606206
387.434227
387.267530
387.106801
386.952532
386.804936
386.663917
386.529106
386.399936
386.275727
386.155788
386.039490
385.926331
385.815973
385.708264
385.603231
385.501069
385.402113
385.306801
385.215636
385.129142
385.047824
384.972129
384.902414
384.838923
384.781773
384.730944
384.686290
384.647548
384.614357
384.586278
384.562824
384.543480
384.527726
384.515054
384.504987
384.497088
384.490964
384.486274
384.482723
384.480066
384.478102
384.476665
384.475626
384.474882
384.474357
384.473989
384.473734
384.473559
384.473440
384.473361
384.473308
384.473273
384.473250
384.473235
384.473226
384.473220
384.473216
384.473214
384.473212
384.473211
384.473211
384.473210
384.473210
384.473210
384.473210
384.473210
384.473210
384.473210
384.473210
384.473210
384.473210
384.473210
384.473210
384.473210
384.473210
384.473210
384.473210
384.473210
384.473210
384.473210
384.473210
384.473210
384.473210
384.473210
384.473210
384.473210
384.473210
384.473210
384.473210
384.473210
384.473210
384.473210
384.473210
384.473210
384.473210
384.473210
384.473210
384.473210
384.473210
384.473210
384.473210
384.473210
384.473210
384.473210
384.473210
384.473210
384.473210
384.473210
384.473210
384.473210
384.473210
384.473210
384.473210
384.473210
384.473210
384.473210
384.473210
384.473210
384.473210
384.473210
384.473210
384.473210
384.473210
384.473210
384.473210
384.473210
384.473210
384.473210
384.473210
384.473210
384.473210
384.473210
384.473210
384.473210
384.473210
384.473210
384.473210
384.473210
384.473210
384.473210
384.473210
384.473210
384.473210
384.473210
384.473210
384.473210
384.473210
384.473210
384.473210
384.473210
384.473210
384.473210
384.473210
384.473210
384.473210
384.473210
384.473210
384.473210
384.473210
384.473210
384.473210
384.473210
384.473210
384.473210
384.473210
384.473210
384.473210
384.473210
384.473210
384.473210
384.473210
384.473210
384.473210
384.473210
384.473210
384.473210
384.473210
384.473210
384.473210
384.473210
384.473210
384.473210
384.473210
384.473210
384.473210
384.473210
384.473210
384.473210
384.473210
384.473210
384.473210
384.473210
384.473210
384.473210
384.473210
384.473210
384.473210
384.473210
384.473210
384.473210
384.473210
384.473210
384.473210
384.473210
384.473210
384.473210
384.473210
384.473210
384.473210
384.473210
384.473210
384.473210
384.473210
384.473210
384.473210
384.473210
384.473210
384.473210
384.473210
384.473210
384.473210
384.473210
384.473210
384.473210
384.473210
384.473210
384.473210
384.473210
384.473210
384.473210
384.473210
384.473210
384.473210
384.473210
384.473210
384.473210
384.473210
384.473210
384.473210
384.473210
384.473210
384.473210
384.473210
384.473210
384.473210
384.473210
384.473210
384.473210
384.473210
384.473210
384.473210
384.473210
384.473210
384.473210
384.473210
384.473210
384.473210
384.473210
384.473210
384.473210
384.473210
384.473210
384.473210
384.473210
384.473210
384.473210
384.473210
384.473210
384.473210
384.473210
384.473210
384.473210
384.473210
384.473210
384.473210
384.473210
384.473210
384.473210
384.473210
384.473210
384.473210
384.473210
384.473210
384.473210
384.473210
384.473210
384.473210
384.473210
384.473210
384.473210
384.473210
384.473210
384.473210
384.473210
384.473210
384.473210
384.473210
384.473210
384.473210
384.473210
384.473210
384.473210
384.473210
384.473210
384.473210
384.473210
384.473210
384.473210
384.473210
384.473210
384.473210
384.473210
384.473210
384.473210
384.473210
384.473210
384.473210
384.473210
384.473210
384.473210
384.473210
384.473210
384.473210
384.473210
384.473210
384.473210
384.473210
384.473210
384.473210
384.473210
384.473210
384.473210
384.473210
384.473210
384.473210
384.473210
384.473210
384.473210
384.473210
384.473210
384.473210
384.473210
384.473210
384.473210
384.473210
384.473210
384.473210
384.473210
384.473210
384.473210
384.473210
384.473210
384.473210
384.473210
384.473210
384.473210
384.473210
384.473210
384.473210
384.473210
384.473210
384.473210
384.473210
384.473210
384.473210
384.473210
384.473210
384.473210
384.473210
384.473210
384.473210
384.473210
384.473210
384.473210
384.473210
384.473210
384.473210
384.473210
384.473210
384.473210
384.473210
384.473210
384.473210
384.473210
384.473210
384.473210
384.473210
384.473210
384.473210
384.473210
384.473210
384.473210
384.473210
384.473210
384.473210
384.473210
384.473210
384.473210
384.473210
384.473210
384.473210
384.473210
384.473210
384.473210
384.473210
384.473210
384.473210
384.473210
384.473210
384.473210
384.473210
384.473210
384.473210
384.473210
384.473210
384.473210
384.473210
384.473210
384.473210
384.473210
384.473210
384.473210
384.473210
384.473210
384.473210
384.473210
384.473210
384.473210
384.473210
384.473210
384.473210
384.473210
384.473210
384.473210
384.473210
384.473210
384.473210
384.473210
384.473210
384.473210
384.473210
384.473210
384.473210
384.473210
384.473210
384.473210
384.473210
384.473210
384.473210
384.473210
384.473210
384.473210
384.473210
384.473210
384.473210
384.473210
384.473210
384.473210
384.473210
384.473210
384.473210
384.473210
384.473210
384.473210
384.473210
384.473210
384.473210
384.473210
384.473210
384.473210
384.473210
384.473210
384.473210
384.473210
384.473210
384.473210
384.473210
384.473210
384.473210
384.473210
384.473210
384.473210
384.473210
384.473210
384.473210
384.473210
384.473210
384.473210
384.473210
384.473210
384.473210
384.473210
384.473210
384.473210
384.473210
384.473210
384.473210
384.473210
384.473210
384.473210
384.473210
384.473210
384.473210
384.473210
384.473210
384.473210
384.473210
384.473210
384.473210
384.473210
384.473210
384.473210
384.473210
384.473210
384.473210
384.473210
384.473210
384.473210
384.473210
384.473210
384.473210
384.473210
384.473210
384.473210
384.473210
384.473210
384.473210
384.473210
384.473210
384.473210
384.473210
384.473210
384.473210
384.473210
384.473210
384.473210
384.473210
384.473210
384.473210
384.473210
384.473210
384.473210
384.473210
384.473210
384.473210
384.473210
384.473210
384.473210
384.473210
384.473210
384.473210
384.473210
384.473210
384.473210
384.473210
384.473210
384.473210
384.473210
384.473210
384.473210
384.473210
384.473210
384.473210
384.473210
384.473210
384.473210
384.473210
384.473210
384.473210
384.473210
384.473210
384.473210
384.473210
384.473210
384.473210
384.473210
384.473210
384.473210
384.473210
384.473210
384.473210
384.473210
384.473210
384.473210
384.473210
384.473210
384.473210
384.473210
384.473210
384.473210
384.473210
384.473210
384.473210
384.473210
384.473210
384.473210
384.473210
384.473210
384.473210
384.473210
384.473210
384.473210
384.473210
384.473210
384.473210
384.473210
384.473210
384.473210
384.473210
384.473210
384.473210
384.473210
384.473210
384.473210
384.473210
384.473210
384.473210
384.473210
384.473210
384.473210
384.473210
384.473210
384.473210
384.473210
384.473210
384.473210
384.473209
384.473209
384.473209
384.473208
384.473207
384.473205
384.473203
384.473200
384.473195
384.473188
384.473178
384.473164
384.473144
384.473116
384.473076
384.473022
384.472947
384.472844
384.472702
384.472510
384.472251
384.471901
384.471434
384.470812
384.469988
384.468902
384.467478
384.465620
384.463208
384.460092
384.456085
384.450958
384.444430
384.436155
384.425716
384.412609
384.396226
384.375845
384.350602
384.319480
384.281280
384.234601
384.177810
384.109020
384.026053
383.926417
383.807273
383.665402
383.497174
383.298521
383.064904
382.791292
382.472132
382.101336
381.672263
381.177713
380.609921
379.960569
379.220795
378.381219
377.431978
376.362768
375.162897
373.821359
372.326900
370.668118
368.833551
366.811794
364.591613
362.162071
359.512662
356.633446
353.515194
350.149529
346.529067
342.647562
338.500035
334.082908
329.394121
324.433241
319.201557
313.702158
307.939995
301.921925
295.656733
289.155128
282.429726
275.495001
268.367211
261.064309
253.605820
246.012703
238.307186
230.512585
222.653101
214.753608
206.839421
198.936058
191.068999
183.263440
175.544048
167.934724
160.458379
153.136716
145.990035
139.037060
132.294785
125.778346
119.500927
113.473685
107.705708
102.204007
96.973522
92.017171
87.335908
82.928811
78.793190
74.924704
71.317499
67.964351
64.856819
61.985404
59.339706
56.908586
54.680322
52.642764
50.783488
49.089931
47.549538
46.149881
44.878786
43.724437
42.675480
41.721105
40.851127
40.056046
39.327093
38.656272
38.036375
37.460989
36.924491
36.422026
35.949471
35.503394
35.080996
34.680049
34.298830
33.936046
33.590762
33.262327
32.950309
32.654423
32.374482
32.110337
31.861843
31.628821
31.411038
31.208188
31.019885
30.845665
30.684987
30.537247
30.401787
30.277911
30.164899
30.062023
29.968562
29.883811
29.807089
29.737754
29.675200
29.618862
29.568219
29.522791
29.482136
29.445849
29.413558
29.384919
29.359614
29.337346
29.317840
29.300835
29.286090
29.273374
29.262474
29.253187
29.245327
29.238718
29.233201
29.228627
29.224864
29.221791
29.219301
29.217299
29.215702
29.214438
29.213447
29.212675
29.212080
29.211624
29.211279
29.211019
29.210825
29.210682
29.210577
29.210501
29.210447
29.210408
29.210380
29.210361
29.210348
29.210338
29.210332
29.210328
29.210325
29.210323
29.210322
29.210321
29.210321
29.210321
29.210320
29.210320
29.210320
29.210320
29.210320
29.210320
29.210320
29.210320
29.210320
29.210320
29.210320
29.210320
29.210320
29.210320
29.210320
29.210320
29.210320
29.210320
29.210320
29.210320
29.210320
29.210320
29.210320
29.210320
29.210320
29.210320
29.210320
29.210320
29.210320
29.210320
29.210320
29.210320
29.210320
29.210320
29.210320
29.210320
29.210320
29.210320
29.210320
29.210320
29.210320
29.210320
29.210320
29.210320
29.210320
29.210320
29.210320
29.210320
29.210320
29.210320
29.210320
29.210320
29.210320
29.210320
29.210320
29.210320
29.210320
29.210320
29.210320
29.210320
29.210320
29.210320
29.210320
29.210320
29.210320
29.210320
29.210320
29.210320
29.210320
29.210320
29.210320
29.210320
29.210320
29.210320
29.210320
29.210320
29.210320
29.210320
29.210320
29.210320
29.210320
29.210320
29.210320
29.210320
29.210320
29.210320
29.210320
29.210320
29.210320
29.210320
29.210320
29.210320
29.210320
29.210320
29.210320
29.210320
29.210320
29.210320
29.210320
29.210320
29.210320
29.210320
29.210320
29.210320
29.210320
29.210320
29.210320
29.210320
29.210320
29.210320
29.210320
29.210320
29.210320
29.210320
29.210320
29.210320
29.210320
29.210320
29.210320
29.210320
29.210320
29.210320
29.210320
29.210320
29.210320
29.210320
29.210320
29.210320
29.210320
29.210320
29.210320
29.210320
29.210320
29.210320
29.210320
29.210320
29.210320
29.210320
29.210320
29.210320
29.210320
29.210320
29.210320
29.210320
29.210320
29.210320
29.210320
29.210320
29.210320
29.210320
29.210320
29.210320
29.210320
29.210320
29.210320
29.210320
29.210320
29.210320
29.210320
29.210320
29.210320
29.210320
29.210320
29.210320
29.210320
29.210320
29.210320
29.210320
29.210320