44.805307
44.767701
44.745132
44.584269
44.512186
44.421931
44.349848
44.349823
44.510642
44.582675
44.672880
44.816088
44.977465
45.138842
45.300219
45.371366
45.461569
45.461545
45.461520
45.461496
45.461471
46.649352
52.083748
62.627713
77.492258
94.532920
111.450563
124.387762
132.375720
135.882769
136.979750
136.851003
136.365953
135.810807
135.254586
134.932316
134.770890
134.537795
134.214471
134.144162
134.052490
133.982182
134.144056
134.305930
134.376190
134.467813
134.538073
134.538049
134.538025
134.609172
134.609148
134.699351
134.770498
134.931875
135.022080
135.183457
135.254607
135.416870
135.416845
135.488879
135.488854
135.488830
135.577590
135.577565
135.577540
135.577515
135.577490
135.416622
135.416597
135.326354
135.326330
135.326305
135.326280
135.326256
135.344390
135.344365
135.254111
135.254086
135.254061
135.254037
135.092610
135.182815
135.092561
135.092536
134.931110
135.092487
134.931061
135.021266
134.859840
135.021217
134.859791
135.021168
134.930913
134.930889
134.930864
134.930840
134.930815
135.021020
135.092167
135.020969
135.182346
135.254379
135.254355
135.344560
135.487768
135.487743
135.487718
135.487693
135.487669
135.415585
135.415560
135.182075
135.020649
134.859223
134.697797
134.536371
134.161019
133.070048
130.300505
124.030234
113.522713
99.735798
84.547919
70.144642
58.785107
51.548371
47.987718
46.452003
45.648855
45.302692
45.070982
44.817908
44.656482
44.746687
44.746662
44.908039
44.908014
45.069391
45.069367
45.140516
45.140492
45.301868
45.230672
45.211592
45.230623
45.230599
45.069173
44.978918
44.925879
44.763566
44.294586
43.836692
43.146392
41.944666
40.415009
38.525947
36.091275
33.244826
30.116101
26.843055
23.514405
20.323112
17.323309
14.940036
12.784091
11.278655
10.310088
9.896577
9.720698
10.106465
10.794099
11.734190
12.870606
14.162428
15.618987
17.105924
18.599973
20.223917
21.854135
23.334725
24.907564
26.332281
27.722812
29.115673
30.509624
31.805894
33.095818
34.225139
35.435100
36.562776
37.603878
38.808617
39.856879
40.820939
41.624580
42.515413
43.395930
44.199123
44.927493
45.655862
46.386525
46.852938
47.512235
48.074427
48.702858
49.164986
49.754128
50.214436
50.708269
51.198778
51.587907
51.979059
52.469621
52.859523
53.246222
53.674469
54.001209
54.223002
54.444796
54.711445
54.931796
55.094855
55.256695
55.467148
55.524422
55.524404
55.524386
55.524367
55.418442
55.361131
55.303819
55.199235
54.978845
54.712158
54.385760
54.059361
53.734957
53.408176
53.021435
52.530830
52.040225
51.552933
50.898828
50.408274
49.918045
49.427815
48.873833
48.384849
47.895864
47.407796
46.849477
46.454167
46.129913
45.644256
45.248873
44.995800
44.670668
44.275488
44.203405
44.041686
43.807908
43.558873
43.558848
43.323328
43.235987
43.162162
43.162136
43.001071
43.001046
43.001020
42.913755
42.927244
42.927219
42.913679
42.839929
42.839903
42.839878
42.839852
42.839827
42.839801
42.839776
42.752511
42.752485
42.678735
42.678709
42.604074
42.604048
42.518200
42.518175
42.443539
42.518124
42.357772
42.443569
42.443543
42.357801
42.357776
42.443466
42.357618
42.357593
42.517893
42.443257
42.517842
42.677364
42.677338
42.677313
42.825622
42.912836
42.912811
43.073825
43.234839
43.322129
43.468813
43.629013
43.628988
43.790657
43.863541
44.024359
44.113119
44.274788
44.346822
44.507640
44.507615
44.579648
44.741912
44.903288
45.064665
45.226042
45.387419
45.620466
45.782340
45.944214
46.199126
46.430363
46.755376
46.917686
47.242699
47.637687
47.960758
48.190147
48.679090
49.005329
49.233912
49.656160
49.916415
50.144097
50.471039
50.795800
50.959315
51.186004
51.348415
51.511972
51.511951
51.675509
51.612314
51.612293
51.448693
51.286239
51.122639
50.959082
50.568923
50.241937
50.014211
49.428381
49.034390
48.639796
48.150806
47.499482
47.036750
46.545716
46.055892
45.498176
44.941099
44.543013
43.968872
43.409217
43.086458
42.775280
42.365150
42.055693
41.810398
41.498396
41.252489
41.016794
40.773870
40.697728
40.536688
40.454052
40.377030
40.300191
40.140743
40.140717
40.063878
39.981426
39.981400
39.985916
39.903463
39.903437
39.825728
39.825702
39.743450
39.743424
39.665715
39.743371
39.665662
39.665636
39.665609
39.665583
39.587874
39.665531
39.584685
39.506976
39.584633
39.584606
39.426078
39.506871
39.584527
39.506818
39.425973
39.506765
39.584422
39.506713
39.503337
39.584130
39.661786
39.584077
39.661733
39.742738
39.742712
39.742686
39.897154
39.979553
39.979527
40.216604
40.216578
40.299161
40.376130
40.535525
40.452890
40.612284
40.772545
40.772519
40.848608
40.931191
41.007281
41.007255
41.083344
41.167489
41.167463
41.251608
41.167412
41.326938
41.242741
41.403001
41.318805
41.402949
41.167256
41.251401
41.167204
41.167178
41.090883
41.166973
41.006661
40.930519
40.771769
40.687725
40.534589
40.451954
40.374933
40.374907
40.215460
40.215434
40.138597
40.056145
39.979308
39.979281
39.896830
39.896804
39.819095
39.819069
39.819043
39.819016
39.741308
39.818964
39.818937
39.818911
39.818885
39.978965
39.978939
40.055724
40.055698
40.138096
40.132456
40.214855
40.214829
40.374222
40.368582
40.451164
40.445524
40.445498
40.438811
40.514733
40.508046
40.502562
40.497078
40.410337
40.323596
40.310793
40.300292
40.216026
40.133002
40.122782
40.043652
39.965793
39.961700
39.961672
39.892905
39.892878
39.901092
39.984061
39.996570
39.928399
39.867492
39.876175
39.732422
39.655781
39.659104
39.659077
39.659051
39.659025
39.740028
39.817683
39.817657
39.817631
39.895285
39.895259
39.977657
39.977631
39.977605
39.977578
39.977552
39.977526
40.054310
40.054284
40.136682
40.213466
40.213440
40.136603
40.213387
40.213361
40.295942
40.290302
40.372700
40.372674
40.449642
40.449616
40.532197
40.609165
40.767861
40.767835
40.767809
40.843897
40.843871
40.767731
40.843819
40.843793
40.767652
40.843741
40.843715
40.767574
40.843662
40.843636
40.767496
40.843584
40.843558
40.927702
40.927676
41.003764
40.927623
41.003712
41.003686
41.003660
41.003634
41.163891
41.163865
41.003556
41.163813
41.163787
41.079592
41.003452
41.163709
41.003400
41.003374
40.927233
41.003321
40.843012
40.842986
40.766846
40.842934
40.766793
40.766767
40.684134
40.607115
40.530974
40.448341
40.448315
40.453902
40.448263
40.288820
40.294407
40.211774
40.129324
40.134912
40.134886
40.052436
39.975600
39.975574
39.975547
39.975521
39.975495
39.975469
39.975442
39.892993
39.892967
39.892940
39.892914
39.892888
39.892861
39.815155
39.815129
39.897525
39.897499
39.897473
39.975126
39.975100
39.892651
39.892625
39.892598
39.892572
39.974968
39.974942
39.974916
39.974890
40.051673
40.051646
40.051620
40.051594
40.051568
40.134148
40.051699
40.051672
40.134069
40.210852
40.051410
40.133806
40.210589
40.210563
40.210537
40.292933
40.210484
40.293065
40.293038
40.293012
40.292986
40.452375
40.375357
40.375330
40.380918
40.457885
40.380866
40.464684
40.386778
40.470597
40.315698
40.399517
40.321423
40.405054
40.247978
40.331609
40.259461
40.180454
40.101446
40.101421
40.027227
39.862369
39.782440
39.702510
39.622581
39.537839
39.456979
39.373727
39.373701
39.209859
39.126607
39.124190
39.124164
39.120591
39.201156
39.198807
39.278461
39.358114
39.354643
39.513072
39.673824
39.752573
39.826781
39.986856
40.064709
40.219555
40.374401
40.540642
40.693721
40.770687
40.770661
40.930916
40.924038
40.847899
41.008154
41.008128
40.923934
40.923908
40.923882
40.686583
40.686557
40.451004
40.373986
40.214546
40.132098
39.894979
39.736460
39.576333
39.498629
39.340110
39.180943
39.183174
39.102334
38.943168
38.864815
39.023929
38.943319
39.024106
39.102406
39.261519
39.261492
39.498284
39.658358
39.976237
40.213303
40.534382
40.854050
41.166675
41.488021
41.883974
42.283151
42.679859
43.001189
43.470556
43.883475
44.352399
44.747526
45.234301
45.557579
46.025034
46.443646
46.930570
47.393267
47.881308
48.207012
48.601579
48.993192
49.317384
49.644060
50.134286
50.361984
50.686770
51.111971
51.338678
51.564300
51.889189
52.153153
52.316703
52.641564
52.803961
52.966358
53.129820
53.250744
53.353309
53.515595
53.677880
53.737581
53.780099
53.839800
54.001908
54.001889
54.001869
54.165177
54.165157
54.106616
54.165476
54.269063
54.165437
54.269024
54.224277
54.268986
54.165360
54.327469
54.223843
54.268552
54.327054
54.327035
54.268494
54.327353
54.327334
54.268793
54.327652
54.327633
54.430864
54.327238
54.385741
54.430450
54.488953
54.488934
54.592522
54.592503
54.651006
54.650987
54.755552
54.814056
54.918621
54.918602
55.080472
55.080453
55.347839
55.405125
55.672511
55.778010
55.996878
56.103702
56.265267
56.535427
56.752691
57.021129
57.347320
57.724286
57.940190
58.318286
58.640881
58.964965
59.400309
59.832450
60.267199
60.650210
61.084193
61.567089
61.953652
62.434096
62.984792
63.534688
63.967411
64.562782
64.952370
65.429781
65.864538
66.374868
66.926429
67.477991
68.027591
68.579540
69.012918
69.443765
69.995461
70.512776
70.941909
71.492715
72.011158
72.438091
72.837254
73.356222
73.780478
74.179134
74.574441
74.999373
75.397066
75.767798
76.065218
76.437986
76.709743
76.981761
77.253779
77.502213
77.774427
78.044226
78.169339
78.294451
78.564366
78.690042
78.814681
78.959481
79.085157
79.085155
79.229441
79.229438
79.336528
79.355649
79.480812
79.480810
79.480807
79.480805
79.605968
79.605965
79.480798
79.605961
79.624032
79.605957
79.605954
79.605952
79.605950
79.605948
79.498853
79.480778
79.605941
79.605939
79.480771
79.605934
79.624005
79.479713
79.479711
79.604874
79.479707
79.479704
79.623991
79.479700
79.479698
79.604861
79.479693
79.479691
79.623978
79.479686
79.479684
79.479681
79.479679
79.479677
79.479675
79.479672
79.479670
79.479668
79.354500
79.480714
79.355546
79.480709
79.355541
79.462632
79.355536
79.480700
79.355532
79.480696
79.354476
79.479640
79.354472
79.479636
79.479633
79.479631
79.479629
79.479626
79.479624
79.354456
79.480670
79.480668
79.480666
79.480664
79.480661
79.480659
79.480657
79.480654
79.480652
79.605817
79.498721
79.480645
79.605810
79.480641
79.480639
79.605803
79.498707
79.480632
79.605796
79.480627
79.480625
79.605790
79.479569
79.479567
79.604732
79.479563
79.479560
79.623849
79.479556
79.479554
79.604719
79.479549
79.479547
79.479544
79.479542
79.354372
79.479538
79.354368
79.480584
79.355414
79.480579
79.355409
79.480575
79.354354
79.479519
79.354349
79.479515
79.335220
79.479510
79.354340
79.479505
79.354335
79.480552
79.355381
79.480547
79.355377
79.480542
79.354321
79.479487
79.479485
79.479482
79.479480
79.605697
79.605695
79.605692
79.730858
79.730856
79.748927
79.748925
79.874588
79.874586
80.000248
80.000246
80.125909
80.000242
80.125905
80.125903
80.251566
80.393356
80.519019
80.519017
80.519015
80.519013
80.377219
80.377217
80.519008
80.771715
81.039012
81.291719
81.684923
81.810426
81.937412
82.063318
82.077905
82.064396
82.190302
82.330089
82.316579
82.442485
82.582273
82.708552
82.708551
82.835920
82.962199
82.962198
83.088821
83.215445
83.354486
83.481110
83.607733
83.734671
83.734670
83.861608
83.872730
83.872729
83.872728
83.872727
83.745788
83.734664
83.861602
83.734663
83.734662
83.734661
83.861599
83.734659
83.734659
83.734658
83.861596
83.734656
83.734655
83.861593
83.861593
83.745776
83.872714
83.872713
83.745773
83.872711
83.861588
83.734648
83.861586
83.861585
83.734646
83.861584
83.861583
83.734643
83.734642
83.734641
83.607701
83.607701
83.607700
83.481074
83.481073
83.354447
83.088031
82.961405
82.835123
82.568707
82.316517
82.189527
81.937336
81.670261
81.416695
81.275528
81.022815
80.629846
80.503709
80.251905
79.874930
79.731188
79.606016
79.230530
79.086233
78.941421
78.709675
78.564864
78.419578
78.314053
78.188929
78.043644
77.918520
77.918517
77.773231
77.794413
77.794410
77.794407
77.794404
77.669869
77.648680
77.648677
77.648674
77.648671
77.648668
77.648665
77.648662
77.669844
77.669841
77.669838
77.669834
77.669831
77.648643
77.648640
77.648637
77.648634
77.648631
77.524095
77.524092
77.648621
77.524086
77.524082
77.648612
77.524076
77.524073
77.524070
77.399534
77.399531
77.399527
77.274991
77.399521
77.399518
77.274981
77.274978
77.399508
77.274972
77.274968
77.274965
77.274962
77.150425
77.253402
77.253399
77.253395
77.253392
77.253389
77.274939
77.274935
77.274932
77.399462
77.399459
77.399456
77.399452
77.523983
77.523979
77.523976
77.523973
77.648503
77.648500
77.648497
77.773028
77.773025
77.773022
77.773019
77.794201
77.794198
77.794195
77.919315
77.919312
77.898124
78.043406
78.168527
78.043401
78.168521
78.313804
78.293639
78.419323
78.564606
78.690290
78.814938
78.940622
79.084918
79.209565
79.335787
79.460957
79.730923
79.856591
79.981762
80.251642
80.377310
80.503447
80.503445
80.755252
80.896420
81.022557
81.149135
81.290932
81.417510
81.417509
81.544087
81.558675
81.669594
81.796585
81.796584
81.796582
81.796581
81.796580
81.684175
81.669584
81.684172
81.543001
81.543000
81.417488
81.290906
81.149734
81.023593
80.770872
80.629071
80.502930
80.251118
80.107371
79.856525
79.586553
79.335706
79.065717
78.688677
78.543861
78.168510
77.877015
77.503431
77.356315
76.982731
76.710946
76.460453
76.188994
75.939786
75.642335
75.395840
75.025071
74.875210
74.601752
74.477882
74.355706
74.205614
74.082485
73.959356
73.713865
73.685944
73.563577
73.563572
73.441206
73.563561
73.441195
73.563551
73.441184
73.563540
73.563535
73.563529
73.563524
73.685880
73.685875
73.685869
73.958313
73.958308
73.958303
74.108386
74.108381
73.958288
74.108371
74.231491
74.109314
74.232435
74.382518
74.232425
74.259383
74.354587
74.381545
74.354577
74.382489
74.355521
74.382479
74.355511
74.382469
74.477673
74.504631
74.354538
74.381496
74.381491
74.381486
74.381482
74.504602
74.382425
74.355457
74.382416
74.232322
74.232317
74.232312
74.232307
74.082212
74.082207
73.959076
73.808791
73.685660
73.533950
73.259733
73.108024
72.834486
72.529485
72.285287
71.976998
71.424450
71.116094
70.560512
69.938123
69.381715
68.788195
67.915464
67.156868
66.230015
65.305828
64.376443
63.395460
62.122695
61.062343
59.727764
58.387676
56.991952
55.635350
54.155549
52.690811
51.085972
49.598786
48.088501
46.474488
44.820558
43.140723
41.480709
39.808257
38.141159
36.640361
35.152763
33.575067
32.014078
30.510491
29.044022
27.561578
26.227635
24.816589
23.539211
22.281993
21.026586
19.863305
18.817006
17.753373
16.715395
15.848005
14.819709
13.993789
13.102185
12.278164
11.396858
10.695538
9.843898
9.118432
8.392045
7.685967
6.944892
6.234106
5.512766
4.696876
3.975555
3.168928
2.346980
1.534794
0.712621
-0.202113
-1.127078
-2.050143
-3.075874
-3.997871
-5.023632
-5.958045
-6.891330
-7.801080
-8.856622
-9.783045
-10.789543
-11.720796
-12.669504
-13.502469
-14.321983
-15.173995
-15.994567
-16.753486
-17.436365
-18.190331
-18.808433
-19.329465
-19.948912
-20.606737
-21.031351
-21.454418
-21.970575
-22.301379
-22.580622
-22.910336
-23.238924
-23.566352
-23.752158
-24.132159
-24.316653
-24.553595
-24.644837
-24.973090
-25.064377
-25.300700
-25.391987
-25.683951
-25.683927
-25.774523
-25.921406
-26.101930
-26.045619
-26.192501
-26.192477
-26.283059
-26.193106
-26.249368
-26.102436
-26.011791
-25.774254
-25.683609
-25.445368
-25.209000
-25.025669
-24.697373
-24.226021
-23.803212
-23.475745
-22.908443
-22.391779
-21.877814
-21.311939
-20.700499
-20.180032
-19.520495
-18.904767
-18.249271
-17.592409
-16.836691
-16.216335
-15.562254
-14.944702
-14.226713
-13.675287
-13.051406
-12.432927
-11.912367
-11.489722
-10.973330
-10.550043
-10.131276
-9.732786
-9.413166
-9.116127
-8.915676
-8.816378
-8.597257
-8.398411
-8.298854
-8.180095
-8.080538
-8.080528
-8.080519
-7.980716
-7.980707
-7.980697
-7.998806
-7.998796
-8.098579
-8.198116
-8.198106
-8.279524
-8.279514
-8.398251
-8.497526
-8.597062
-8.696337
-8.815073
-8.895147
-8.994147
-9.113696
-9.212696
-9.413119
-9.512119
-9.633225
-9.711950
-9.833056
-9.910427
-10.031533
-10.009126
-10.130232
-10.107824
-10.130208
-10.130196
-10.130184
-10.130172
-10.130160
-10.130148
-10.107741
-10.130124
-10.008997
-10.031380
-9.910253
-9.932636
-9.811509
-9.832837
-9.711710
-9.733038
-9.512904
-9.512893
-9.512881
-9.512870
-9.512859
-9.512848
-9.512837
-9.512825
-9.633927
-9.809714
-10.129286
-10.349851
-10.427219
-10.427207
-10.230059
-10.130584
-9.909996
-9.832605
-9.810199
-9.831527
-9.710403
-9.710391
-9.710380
-9.710368
-9.710357
-9.710346
-9.731673
-9.809040
-9.731650
-9.710300
-9.831399
-9.810049
-9.832431
-9.932192
-10.030896
-10.030884
-10.151983
-10.129577
-10.129565
-10.151947
-10.129541
-10.129529
-10.151911
-10.227920
-10.227908
-10.250290
-10.227884
-10.227872
-10.151840
-10.227848
-10.227836
-10.227824
-10.327271
-10.327259
-10.327246
-10.327234
-10.449074
-10.327210
-10.426656
-10.450083
-10.526090
-10.426620
-10.548459
-10.548446
-10.524995
-10.647554
-10.746999
-10.746987
-10.723536
-10.746962
-10.746949
-10.746937
-10.821583
-10.845009
-10.944128
-10.844983
-10.944103
-10.845993
-10.945112
-10.845968
-10.945087
-10.845943
-10.944026
-10.844882
-10.944001
-10.943988
-10.943975
-10.968435
-11.043080
-11.043067
-11.141847
-11.240965
-11.339744
-11.364204
-11.462984
-11.462970
-11.561749
-11.660178
-11.785016
-11.883444
-11.883430
-11.981858
-11.981844
-12.054212
-12.081291
-12.179719
-12.179705
-12.179690
-12.179676
-12.179662
-12.179648
-12.179634
-12.277697
-12.277683
-12.277669
-12.277655
-12.277641
-12.277627
-12.304705
-12.277598
-12.277584
-12.375647
-12.277556
-12.277542
-12.375604
-12.375590
-12.277499
-12.304577
-12.375547
-12.277457
-12.277442
-12.403617
-12.376511
-12.278422
-12.278408
-12.404582
-12.278379
-12.278365
-12.376425
-12.403503
-12.277301
-12.375361
-12.375347
-12.304350
-12.277244
-12.375304
-12.277216
-12.277202
-12.376283
-12.376269
-12.278181
-12.376240
-12.403317
-12.277116
-12.375175
-12.375161
-12.304165
-12.375132
-12.375118
-12.277031
-12.403202
-12.376097
-12.278011
-12.376068
-12.403145
-12.276946
-12.375004
-12.374990
-12.303995
-12.374961
-12.374947
-12.374932
-12.402009
-12.374904
-12.374890
-12.374876
-12.303881
-12.374847
-12.374833
-12.276748
-12.402916
-12.375812
-12.277727
-12.375783
-12.402859
-12.374733
-12.374718
-12.374704
-12.402802
-12.375697
-12.277614
-12.375669
-12.402745
-12.276550
-12.374604
-12.374590
-12.402687
-12.375583
-12.375569
-12.375554
-12.402630
-12.276436
-12.374490
-12.374476
-12.303484
-12.374447
-12.374433
-12.276351
-12.402516
-12.375412
-12.375397
-12.375383
-12.402459
-12.374333
-12.374319
-12.276238
-12.402401
-12.375298
-12.277217
-12.375269
-12.402344
-12.276153
-12.374204
-12.374190
-12.303200
-12.374161
-12.374147
-12.177640
-12.105254
-11.979723
-11.485885
-10.770792
-9.870782
-8.324798
-6.399473
-4.568336
-3.154732
-2.635879
-3.025843
-3.834609
-4.846519
-5.960837
-6.563742
-6.977508
-7.377871
-7.977001
-8.595571
-9.213585
-9.731840
-10.324737
-10.644223
-10.644211
-10.244645
-9.643634
-8.460443
-6.747218
-4.292286
-1.148303
3.049295
8.225210
14.430868
21.402114
28.976230
36.774984
44.443698
51.380100
57.531293
62.847314
66.962052
69.902602
72.214154
73.704181
74.437338
74.892077
75.165186
75.165182
75.165178
75.165173
75.165169
75.288822
75.288818
75.560406
76.331526
76.603115
76.751046
76.999038
76.851099
76.228219
75.956622
75.685024
75.560683
75.560679
75.437992
75.685984
75.809638
75.957569
76.081903
76.204582
76.228176
76.352510
76.352506
76.352503
76.475845
76.475841
76.475837
76.475833
76.499428
76.475826
76.475822
76.475819
76.475815
76.327875
76.351469
76.203529
76.103777
75.955836
75.955832
75.807892
75.709795
75.685200
75.685196
75.685192
75.587095
75.685183
75.685179
75.685175
75.587078
75.685167
75.685163
75.685159
75.587061
75.685150
75.561487
75.561483
75.561479
75.561474
75.561470
75.685125
75.685121
75.587024
75.685113
75.685109
75.561445
75.561441
75.684121
75.560457
75.560453
75.684108
75.560444
75.560440
75.684096
75.684092
75.684088
75.955681
76.055427
76.203361
76.351295
76.600627
76.849214
77.121399
77.391183
77.764963
78.037345
78.307429
78.577513
78.933559
79.203694
79.473830
79.724813
79.975797
80.136348
80.262087
80.514038
80.514037
80.655914
80.639185
80.765395
80.781062
80.907271
80.765390
80.907268
80.907266
80.765385
80.781051
80.781049
80.765379
80.639166
80.655891
80.640221
80.640219
80.514005
80.530731
80.514002
80.514000
80.513998
80.530723
80.640206
80.640205
80.513991
80.655869
80.765352
80.639138
80.781017
80.907227
80.765345
80.781011
80.907222
80.765340
80.781006
80.907217
80.891547
80.782060
80.908271
80.766388
80.782055
80.782053
80.765324
80.780990
80.780988
80.765319
80.780985
80.780983
80.765313
80.907192
80.780978
80.765308
80.907187
80.907185
80.765303
80.907182
80.907180
80.891510
80.782023
80.908234
80.892564
80.908231
80.782016
80.907168
80.907166
80.780952
80.780950
80.907161
80.891491
80.782004
80.908215
80.892545
80.908212
80.908210
81.017694
81.033361
80.907146
80.891476
80.907142
80.907141
80.891471
80.908196
80.908195
80.892524
80.783037
80.783035
80.766306
80.640090
80.655757
80.639027
80.512812
80.654692
80.654690
80.639020
80.639018
80.655744
80.640074
80.640072
80.655739
80.781951
80.765221
80.780888
80.780886
80.765216
80.655728
80.781940
80.640056
80.766268
80.656780
80.640050
80.640049
80.640047
80.530558
80.513829
80.640041
80.513825
80.530551
80.513821
80.640034
80.513818
80.530543
80.640028
80.640026
80.530538
80.656750
80.640021
80.640019
80.781900
80.765171
80.765169
80.781895
80.781893
80.766223
80.908105
80.781888
80.907042
80.907040
80.907038
80.907037
80.907035
80.891365
80.907032
80.907030
80.907028
81.033241
80.907025
80.907023
80.907021
80.891351
80.781862
80.781860
80.766190
80.639973
80.530484
80.513754
80.513752
80.387535
80.529417
80.765560
81.159018
81.356071
81.684493