75.783366
75.556584
75.426697
75.353404
75.302045
75.260248
75.235438
75.246023
75.310065
75.434541
75.609488
75.809586
76.001866
76.155545
76.249929
76.278205
76.246989
76.172833
76.077285
75.981943
75.904503
75.856364
75.841908
75.859252
75.902010
75.961508
76.028914
76.096866
76.160392
76.217074
76.266597
76.309921
76.348335
76.382641
76.412640
76.436991
76.453436
76.459284
76.452027
76.429929
76.392464
76.340528
76.276394
76.203443
76.125736
76.047509
75.972687
75.904485
75.845135
75.795783
75.756519
75.726546
75.704416
75.688324
75.676390
75.666905
75.658515
75.650331
75.641953
75.633427
75.625134
75.617650
75.611590
75.607455
75.605520
75.605752
75.607794
75.611001
75.614528
75.617453
75.618936
75.618380
75.615580
75.610858
75.605143
75.600015
75.597689
75.600939
75.612984
75.637314
75.677497
75.736957
75.818759
75.925396
76.058607
76.219233
76.407123
76.621098
76.858970
77.117625
77.393152
77.681028
77.976317
78.273903
78.568715
78.855940
79.131212
79.390757
79.631499
79.851115
80.048042
80.221445
80.371146
80.497536
80.601473
80.684168
80.747096
80.791903
80.820347
80.834243
80.835443
80.825814
80.807240
80.781619
80.750862
80.716881
80.681576
80.646795
80.614298
80.585695
80.562395
80.545536
80.535936
80.534046
80.539924
80.553227
80.573230
80.598871
80.628810
80.661518
80.695366
80.728733
80.760100
80.788140
80.811792
80.830313
80.843309
80.850734
80.852875
80.850314
80.843868
80.834528
80.823385
80.811554
80.800113
80.790033
80.782129
80.777022
80.775106
80.776538
80.781239
80.788903
80.799027
80.810946
80.823883
80.837003
80.849472
80.860518
80.869484
80.875886
80.879440
80.880096
80.878039
80.873681
80.867632
80.860656
80.853615
80.847399
80.842857
80.840727
80.841568
80.845702
80.853180
80.863751
80.876868
80.891702
80.907190
80.922097
80.935102
80.944889
80.950250
80.950189
80.944007
80.931378
80.912391
80.887566
80.857832
80.824474
80.789048
80.753275
80.718918
80.687664
80.661000
80.640120
80.625846
80.618582
80.618293
80.624518
80.636407
80.652774
80.672173
80.692989
80.713525
80.732113
80.747208
80.757495
80.761977
80.760055
80.751586
80.736907
80.716827
80.692571
80.665684
80.637903
80.610995
80.586591
80.566043
80.550300
80.539854
80.534745
80.534632
80.538912
80.546870
80.557826
80.571247
80.586803
80.604356
80.623892
80.645412
80.668814
80.693802
80.719850
80.746220
80.772047
80.796465
80.818736
80.838357
80.855122
80.869123
80.880693
80.890305
80.898465
80.905603
80.911998
80.917733
80.922684
80.926522
80.928701
80.928414
80.924493
80.915263
80.898393
80.870853
80.829171
80.770187
80.692533
80.598797
80.497981
80.407381
80.353023
80.368731
80.495351
80.779701
81.258558
81.878748
82.270484