44.65511142698615
44.65511142698615
44.79190711139755
45.778249413883934
44.14946301151109
42.680547426943576
45.39055441710771
44.74983305269595
44.12946717582733
44.12908033812273
44.09064162607706
44.011188866358346
46.33693638119591
45.45895500446054
45.41848973665956
45.41846530083835
45.41848632268686
45.418416433067165
45.41874586804601
45.56630632760875
45.46147132340316
45.919685075889035
49.0141860694236
56.467207497883024
71.50640595523106
93.32904800287096
115.46841556120285
129.0837538975194
135.61963039750947
137.6925245411582
137.85714453970706
137.82090410579718
136.0069417930458
135.34544320735407
135.34541846011172
135.34539369182485
135.3453689404188
134.76012368180594
133.73086685440842
133.22312919314115
133.22345062861544
133.22342684411313
133.8990032219681
134.96564437316025
134.95490570793172
134.53826970336675
134.5379371669238
134.53822088193792
134.53784285226132
134.5381720758732
134.53779403555347
134.60187172601448
134.71531634741027
134.71529187621147
134.71526736100762
134.71524288628564
134.7151730750949
135.55941461394028
135.98844023456735
135.98845951506456
135.9884344917378
135.98836516667188
135.98802188157788
135.98831514507185
135.50655903781274
135.29790194999143
135.29828046375718
135.2978524958879
135.29818610567094
135.2978478891557
135.29813661599948
135.29775356929392
135.29777364694618
135.29806242724766
135.29767933083332
135.2980577861552
135.29762985666156
135.29796344304086
135.29762524897103
135.2979139692158
135.29753092013786
135.29755103564574
135.29783974750742
135.11773803089451
134.8833019886769
134.88327742456067
134.88325286955293
134.88322830368367
134.88320374735096
134.8831791758447
134.883109440783
134.88313005545612
134.88310550366032
134.8830809381283
134.88305637308065
134.96843040101294
134.9953022497261
134.99532275802906
134.99494166983874
134.9952735313435
134.99484734424988
134.9952243321324
135.024473619939
135.63667878874728
135.63633809775772
135.63626862531652
135.63660415514246
135.63621887020366
135.63623857624668
135.63652955448103
135.6361442266739
135.63611937055342
134.69156431695265
134.53643461161886
134.53645569477615
134.53603218563936
134.33467528406308
134.5363218894348
134.07806061955714
131.6765541849
122.63318598822187
105.70204941142856
80.25175481863027
61.63232571532912
50.383318548211854
47.210729581989284
45.92187314627221
46.27310096495193
45.66279518006563
45.260042129497634
44.65662098663311
44.65664108723364
44.65639220574698
44.65645699729871
44.65643222904425
44.65640740891425
45.46339025329902
45.10750711790259
44.656333799312456
45.463316638521114
45.46329223318951
44.65626020743072
45.46324303400142
45.10735989660244
45.01205700204268
45.10731069752951
44.29584478058245
44.74690975731474
44.29579558593965
43.118291033772344
42.36669260392036
41.596671089618106
39.950946232543274
39.14715587096976
37.07383652134869
34.94593938045944
33.222491905370354
30.660958495011368
28.908779560203406
26.16756475455764
24.590059079469118
22.324044403092184
21.3101997468836
19.30004702288221
18.787789766907842
18.05890685441252
18.05888855772652
18.058870285030086
19.076236291843394
19.299931475904767
20.81729748519383
21.812298892253025
23.817216586804832
25.277018139738857
26.83380378307936
29.049492573264786
31.230875664680635
32.486364494034945
34.55919164942934
36.27754505658545
37.09153493496457
39.146360999392854
39.95009594265174
41.16187542588744
41.9830620599739
42.808289372622276
42.36568133776705
44.01138670412971
43.56061456702095
44.01133751934674
44.01131309790104
43.560541077300186
43.63709470377611
44.01123951811248
43.63704596403308
43.637021553059476
43.25810946562258
42.80799536731967
43.25806034147778
42.42473859140138
42.874348998337666
42.42468959305226
42.87429988036098
42.424640602764036
42.03666572038136
42.424591164734395
42.48570891098907
42.42454217968257
42.42451745551309
42.874127534403165
42.42446845193189
42.87407847149611
42.80762676056496
42.87402938322773
43.63655439352346
43.257642597372936
43.63650561304879
43.63648122816631
43.636456823156415
44.01060131488581
44.46878679133638
44.83838821181241
44.380035484162775
44.83833975539357
44.83831575309697
45.20323505702394
45.66898170757638
45.563507986351865
46.02912871083852
45.56346034528591
46.02908104710784
46.3846180830938
46.38459444900522
46.38457085831494
46.38454725261532
46.73551229313719
46.38450002602733
47.207868424886335
46.735441910898196
47.207821693281765
47.08187365613541
47.20777492601542
47.08182687928478
47.207728170208874
47.081780122722364
47.2076814349467
47.08173335123224
47.55368527198012
47.081686582512106
47.55363856256355
46.73516108877309
47.55359188674157
47.08159303419432
47.55354516092171
46.735067461436124
47.08152267378104
47.08149912627933
46.734996676100195
47.08145195395339
46.73494945047012
47.08140481365085
46.7349022602656
46.73487867910248
46.734855089085954
46.26964715464774
46.73480748342797
46.26959952908446
46.26957551221309
46.26955152053258
46.38372273770509
46.26950388264965
45.918226361642965
45.45996361698727
46.26943150040075
45.91815393066871
45.459891141465675
45.91810551579333
45.4598427124128
45.103959167189196
45.91803268744926
45.459769853211526
45.103886307593925
45.45972102242996
45.10383746960884
45.10381305848756
45.45964778676541
45.10376419572724
44.6525911417503
45.10371500273281
45.45954973987115
44.652517526629325
45.103641333207754
45.10361694174382
44.65244387997219
45.10356769962394
45.10354327299257
44.65237025530572
45.10349406842765
44.65232100552722
45.103444854525534
45.10342041228423
45.00811753462935
45.10337120570983
45.10334678007793
44.65217374689925
45.10329755017011
45.45913239885234
44.65210009021121
45.10322393100551
45.45905873850846
45.10317509868577
45.103150663930236
45.45898549364522
45.10310182983107
45.458936667153125
45.10305299261722
45.458887853774186
45.458863407795604
45.102979749830446
45.45881457640744
45.45879018280327
45.10290648441587
45.916980520183756
45.45871730855333
45.10283362201639
45.458668488387794
45.45864405701184
45.91685888551177
45.102736312866895
45.458571210527275
45.45854680447691
45.1026630424654
45.9167372402706
45.45847391667762
45.10259020430262
45.458425092507866
45.91663998168816
45.102517328186735
45.458352221553575
45.45832782110876
45.10244405339876
45.45827898084634
45.10239521897872
45.45823013023806
45.56068701278638
45.102322336767166
45.458157279164325
45.10227349456222
44.65110053708843
45.102224287069404
45.45805921538234
45.102175432414356
45.10215100550975
45.10212660299173
45.10210217597605
44.65092920432117
45.10205293125167
45.10202852894453
44.29056418358883
45.101979286775126
44.650806347099355
44.74157850225797
44.650757128062004
44.74152928299371
44.650707892002046
44.290391724063944
44.74145526736724
44.65063386646024
44.29031769580357
44.29029291031781
44.29026812261345
44.29024331571954
44.29021850165272
44.2901936875292
43.92540245832197
44.29014410739464
43.481649639019366
44.29009408552176
43.92530290412807
43.846121496438926
43.92525291654554
43.481524984737035
43.48149985587686
43.92517773842187
43.48144990717691
43.11242528117021
43.48139957113068
43.48137439765493
43.11234984274296
42.676128971446964
43.48129852055476
43.11227404810791
42.67605320470118
43.11222337092854
42.676002585614924
42.30292958025145
43.11214716270523
42.67592646954397
42.30285355379054
42.302828079130926
42.24674083503392
42.302776741144484
42.30275125958113
41.87414922462192
41.925179077606884
41.87409795483441
42.30264861260868
41.49713862959349
41.874020872711064
41.497087085810485
41.497061279968136
41.49703550860301
41.497009748174754
41.49698394775134
41.496958167911274
41.07607585879155
41.49690621650791
40.69544479308736
41.49685428955548
41.07597214312074
40.69536697281445
41.11543038301495
41.075894185122024
40.69528915730356
40.69526311568211
40.69523701337974
40.6952109756122
40.69518487895413
40.69515882735207
40.69513277748005
40.695106692564686
40.6950806297175
40.6950545796646
40.28198253638873
40.310025523466365
40.69497599399236
40.281904131576596
40.69492346216311
40.309921092569745
40.28182572491818
40.69484488266635
39.89771480555455
40.694792352016506
40.281720951960324
40.3097638752437
40.28166853401191
40.69468733423944
39.89755796455952
40.28158973803485
40.694608344500324
39.89747935996692
40.28151096354831
40.6945293803108
39.89740074833135
40.281432183407816
40.69445040231951
40.28137976412136
39.89729582442592
40.69437143967295
40.281300966132335
40.281274578597994
39.89719086933759
40.28122181496279
40.69423955107585
40.28116939991221
40.28114301978109
39.897059599705344
40.28109020694642
40.2810638577885
40.69408121856638
40.28101143158479
40.28098505309179
40.28095862915573
40.28093225374336
40.28090584461177
40.280879469780345
40.280853086367316
40.28082667705095
40.28080028319916
40.28077391393047
40.28074749921875
40.28072110648483
40.280694738334006
40.280668319529575
40.28064191949915
40.28061556408437
40.28058913738493
40.280562744879965
40.28053636213608
40.280509959790905
40.28048359114731
40.280457173152826
40.280430790162555
40.280404405702434
40.28037799924699
40.280351600440206
40.28032523142703
40.28029880464864
40.28027243420962
40.28024603385382
40.2802196354432
40.28019323887216
40.659907417653464
39.874008105472356
40.28011367277829
40.28008728117053
40.28006087587627
40.28003452040807
40.2800080858396
40.27998170500511
40.27995533833248
40.27992890878982
39.87377075094724
40.27987574852557
40.279849349250874
40.279822950513086
40.27979658026617
40.27977016197122
40.279743769561854
40.27971737318298
40.27969098065043
40.279664591260065
39.873507064355145
40.27961140651694
40.659324362110056
40.27955862149419
40.2795322194727
40.27950584854732
40.27947943608716
40.27945303648617
40.27942665756016
40.279400243612585
40.27937383671512
40.279347458308436
40.27932105318893
40.279294677862836
40.65900693097046
40.27924187002674
40.27921548800267
40.27918906514803
40.27916269081658
40.279136301496045
40.27910989077885
40.27908348771026
40.2790571047181
40.658768856373214
40.69204342964031
40.27897830807984
40.2789518865729
40.27892549095143
40.278899097873634
40.27887268459623
40.278846331565624
40.69185859796367
40.27879390029818
40.658505105171876
40.27874109072354
40.69175316098119
40.27868870434957
40.27866228737742
40.27863588456701
40.69164772745238
40.27858346725219
40.278557083691716
40.69156871197607
40.2785046634065
40.691516203692245
40.278452253897996
40.27842584799223
40.69143721518726
40.27837343811859
40.691384660244196
40.27832104222542
40.691332123209946
40.2782686085244
40.27824223595285
40.306284587541825
40.278189796676195
40.691200580729856
40.27813739803106
40.69114807470518
40.6911219801086
40.27805896004677
40.69106945735437
39.89395673947728
40.69101691441151
40.27795414566969
40.69096436989907
40.2779017076636
40.305944031209656
40.690885767237
40.27782327265747
40.69083322608794
40.27777085347895
40.30581316909462
40.69075461363165
40.277692415558974
40.69070210373865
39.89359105069237
40.69064954007124
40.690623483743906
39.893512800332104
40.690570926334296
40.69054484372276
39.89343455203145
40.69049232357869
40.277430713756104
40.305472960220996
40.69041370742073
40.27735227478078
40.305394510923456
40.69033510177862
39.89322574615156
40.69028252222227
40.27722142656399
40.30526362671351
40.690203946208015
39.8930951876101
40.69015136736542
40.3051591866772
39.89301692993172
40.690072754129815
40.30508070889042
40.27698610235152
40.305028296502755
40.305002249665066
40.27690766941241
40.30494983751143
40.30492380959873
40.27682921709438
40.304871363560935
40.3048453479633
39.892703931100755
40.30479291537941
40.68973219975762
40.3047408876025
39.89259968071582
40.3046884427633
40.304662410881
39.89252142944774
40.304610006406264
40.30458394935252
40.30455794234763
39.892417229121676
40.304505504465794
39.915076462578924
40.304453453019605
39.89231297740372
40.30440104625444
40.3043750051815
39.914946261227534
39.892208790189
40.304296543706236
40.30427051488844
39.91484202376118
39.89210454045584
40.30419208680668
39.91476375748978
40.30414000568597
39.91471183232272
39.89197435209091
40.30406156949165
39.914633552550534
40.30400949497809
39.91458163338213
40.303957442572006
39.50342121690187
40.30390502365664
39.91447738260147
40.3038529832653
40.303826932402245
39.914399496386494
39.8916620572937
39.91434717701439
40.30372246924632
39.91429524862226
40.303670403748626
39.91424330665713
40.30361835302408
39.91419141486506
39.8914539647619
39.91413908720658
40.30351384913363
39.91408714320796
40.30346181811621
39.9140352189015
40.30340974613156
39.91398329435742
40.303357692288344
40.30333167909432
39.913905373537524
40.303279630179816
39.91385345836427
40.30322755531069
40.303201533287854
39.91377555321259
40.30314947452086
40.30312346937733
40.303097423446246
39.9136716868563
40.72226661171777
40.30301971658772
40.30299369673078
40.30296766359422
40.72216262613619
40.302916020036236
40.302889965098544
41.10789875251507
40.722059053332224
40.30281264883748
41.107821097796084
40.30276097501734
41.107769209433386
40.72192976826146
41.10771769849487
41.107691943610774
41.107666210881746
41.10764043231815
41.10761468264665
41.91687073866733
41.107563559776
41.48886993824453
41.91679359670049
41.53473895502469
41.48879331551336
42.29422636999672
41.91669135747217
41.91666589152513
42.29414990034738
42.729852750010686
42.294099274288314
42.729802107170066
42.29404867664411
42.72975141232048
43.10322091391396
43.10319571555187
43.103170566105526
43.103145398763544
43.10312025165452
43.915783804968164
43.54646908863149
43.4720377614143
43.91570897811998
44.280446764729774
43.915659352166855
44.73148276263997
44.28037266865467
44.73143348465897
44.73140902918116
44.73138460132769
45.09171131363338
45.09168687248551
45.09166241841019
45.549980566953494
45.09161393397122
45.905693594956105
45.90566956792404
45.905645494758254
45.90562146632994
46.722052023609706
45.90557375051078
46.722004379148274
46.72198073498582
46.72195712477255
47.068422871265014
46.72190987316641
47.54036890651964
47.06835243087533
47.54032214465868
47.540298978176786
47.8818308401567
48.360435887743606
47.88178487807528
48.360390032799245
48.36036729179674
48.69680595509236
48.69678327798426
48.69676056902438
49.181828868309
48.69671555667885
49.512997820929876
49.51297557313285
49.512953366203355
50.004303859661576
49.83969765045334
50.00425990135861
50.330056370016784
50.33003463385241
51.14775851836803
50.32999155491369
51.14771566734958
51.14769444348093
51.14767321465223
51.651012015772466
51.96559901181864
51.463506898254415
51.96555720081651
52.47458669699043
52.2757685982462
52.783352321200645
52.783332133530834
52.78331195231955
53.60070439515788
52.783271952207606
53.60066472418956
53.60064507619186
54.417262113630635
54.12039515937372
53.89918904920899
54.94202930869877
54.7097960356247
54.94199171420984
55.23267901258842
55.232660458331786
55.23264192477048
55.76225521113331
56.04670312023813
56.04668514355085
56.58087142752195
56.58085395419088
56.58083646940257
56.858955390144914
57.39747659305019
57.39745968474968
57.39744276600317
57.94251854907949
58.21176598980148
58.21174965270468
58.21173333062188
58.760793948807056
59.023421727440066
58.760762284710474
59.57619993475125
59.57618465506975
59.57616941273062
60.38840685764914
60.13528567710063
60.388377503796285
60.950860140471455
60.95084596107132
61.19708099824567
60.95081762924934
61.76264087435991
62.33427625207096
61.762614034541514
62.57037354674688
62.334236701755145
63.14468016119921
63.144667670149914
63.144655136481546
63.724865627777646
63.950469889534816
63.950457941153594
64.31091318593501
64.53291815962494
64.75136848015771
65.1210750120753
65.33582287382495
65.92581623336034
65.92580581218022
65.9257954129412
65.9257850149052
66.72484526261636
66.72483539883643
67.32168815438318
67.32167876234725
67.32166936663138
68.11590215724163
68.11589329337144
68.11588444667754
68.71890610097306
68.71889769022816
68.90366431819848
69.32689688653163
69.5073402181393
70.11581689522204
70.28888069081214
70.1158020035566
70.28886590080232
70.72898293729189
71.51075288514429
71.06329327522124
71.51073956649384
71.67193176831636
72.12835459449056
72.28488534157553
72.28487926500866
73.05125797660395
72.90205230520007
73.0512467326544
73.52334343333986
73.05123568225035
74.42525675764567
73.66772307452725
74.2881283593774
74.42524210553832
75.04452180854798
74.91232768585212
75.17445786252468
75.04450845564469
75.66738573145368
75.66738164090197
75.79237499317695
75.79237093212033
76.413694587824
76.41369086396737
76.41368714990607
77.03828532373659
76.4136798842034
77.03827836932004
77.15115419210862
77.773783491727
77.03826835885486
77.77377722533278
77.77377417858278
77.77377112721595
77.77376807826064
78.39934458573781
78.39934183950831
77.77375923439001
78.3993361781872
79.12334965355537
78.3993308326297
78.39932807442275
79.12334202659171
78.39932272685729
79.12333699224925
79.02771513217282
79.12333210372336
79.02771020523313
79.12332720199404
79.12332477517592
79.12332231742474
79.65878263653153
79.12331756675485
79.1233151355303
79.65877576705986
79.12331038002476
79.74913678725916
79.12330564721324
79.74913229553577
79.65876453366421
79.1232985906735
79.7491256428564
79.12329383599271
79.74912115510408
79.6587532972882
79.1232867877961
79.74911449442007
79.74911232149391
79.12327975150107
79.74910782973116
79.65873985754818
79.12327269731169
79.74910117499887
79.74909899408429
79.12326565346316
79.74909451797126
79.65872641774402
79.12325859399039
79.74908785836341
79.12325385315025
79.74908337225989
79.65871518261105
79.12324680854745
79.74907670037335
79.12324205690503
79.74907221510675
79.65870395268806
79.1232350070243
79.7490655560155
79.12323027210556
79.749061062183
79.02760519355532
79.74905659455696
79.74905440961857
79.12321846654368
79.74904992773526
79.02759329973455
79.7490454355872
79.12320897124785
79.74904096394702
79.74903878099094
79.02758139940622
79.74903429309896
79.12319718390444
79.74902980719428
79.74902762992812
79.1231901306534
79.65865665201663
79.74902096845096
79.12318308788522
79.74901648053034
79.74901432091963
79.74901213081942
79.02755297242247
79.74900765114764
79.74900546845052
79.74900329914348
79.74900113439372
79.12316207750347
79.74899663646853
79.65862772441672
79.74899229441988
79.74899011940394
79.74898793042459
79.74898576509298
79.74898359235144
80.37730153979044
79.74897938023791
79.74897719295977
79.74897502818968
80.29224549960516
79.74897081207416
79.74896863276747
80.37728747122179
79.74896442490538
80.37728349725202
80.37728158610234
79.748958169673
80.37727761612811
80.46086025104195
80.37727377236648
80.37727185477398
80.37726994247171
80.37726802072896
80.37726610842388
80.37726418281689
80.37726226421633
80.3772603447562
81.08621824082994
80.37725663248027
81.00792284911982
80.37725292034212
81.0079193778257
80.4608339918382
81.00791589246046
81.00791422476628
81.00791254300475
81.08620290594563
81.00790918349716
81.00790751780787
81.08619791111562
81.00790415427446
81.00790247451549
81.7137181965867
81.00789923885247
81.64077201263956
81.0861881690304
81.64076900413617
81.00789276550418
81.71370922503677
81.64076452984739
81.71370634076871
81.64076163068569
81.08617711978545
82.27569503229559
81.7137005878964
81.6407558265905
81.71369771329465
81.64075291560822
82.34323007187203
81.64075012218342
81.71369206511248
82.27568449425479
81.71368929353144
82.27568189763497
82.34322238573677
81.64074175585823
82.34321982732928
82.34321858719605
82.27567559453104
81.71367977447245
82.2756730117694
82.34321357397803
82.34321233614813
82.27566928389578
82.34320987793065
82.27566681203061
82.34320742171558
82.34320618358036
82.27566308010084
81.7136663784971
82.34320239674047
82.2756592626867
82.34319993419895
82.27565677751845
82.34319747396154
82.34319625015938
82.27565305510599
82.34319378390164
82.34319255347799
81.64070925960309
82.34318999072156
82.27564675856132
82.34318752646178
81.64070379222277
82.34318496600618
82.2756416781538
81.71364346706932
82.34318118113306
81.64069685929267
81.71363925401222
82.275635172477
81.64069262229472
81.71363505110233
81.64068971929694
82.34317205935976
81.64068692766692
81.7136294027635
81.00780312572832
81.64068245940999
81.71362497809103
81.6406795582715
81.00779676996108
81.7136205477308
81.64067509374462
81.00779198019687
81.00779030638951
81.7136145672155
81.00778707057833
81.00778538672019
81.00778371089882
81.00778204110479
81.08607349314876
80.37710080653825
81.00777687971853
81.00777519786288
80.37709531097991
80.37709337995612
81.00776992867341
80.37708967559578
80.37708774628405
80.37708583727948
80.3770839179762
80.37708199295079
80.37708006735188
79.74874406434007
80.37707610722686
79.65837096255169
80.37707213279401
79.74873563339945
79.74873344080208
79.74873127926152
79.65836012631041
79.74872692198242
79.74872474846924
79.7487225735297
79.65835134694953
79.12286501616356
79.74871591417367
79.02723689180304
79.12285782507013
79.02723196452446
79.12285293575226
79.02722702987506
79.12284804486555
79.1228456007671
79.02721963156702
79.02721716746335
78.49959977329284
79.02721208927602
78.49959447779659
79.02720700597311
78.49958916675031
78.39877635469256
78.39877360257736
78.49958097647057
79.02719409555289
78.39876550194886
77.87907944755098
78.39875984358233
78.39875708288247
78.49956459471645
78.39875158540754
78.3987488266948
77.77313617362613
78.49955351664565
78.39874041954994
77.77312733005935
78.39873475596389
77.87904741635585
78.39872909554785
77.77311544464024
78.39872344229053
77.87903560923479
78.39871778584288
77.77310355071924
78.39871212739074
78.39870937861525
77.87902096027194
78.3987037101763
77.77308876492903
78.39869806167064
77.87900915446261
78.39869240118877
78.39868964840738
77.77307397708783
78.49949482951777
78.39868122994716
78.39867848233055
78.39867573153137
77.8789858844017
78.39867007300379
78.39866732219726
78.499475556123
78.3986618165883
78.3986590591986
78.4994673740227
78.39865355756392
79.02708283209651
78.4994593266249
78.39864544665522
78.39864269981592
79.12269726615169
78.39863735027909
78.49944582810625
79.02706484405485
78.39862923377683
79.12268461283826
78.39862388082138
78.49943248092605
79.02705207473633
78.39861577921529
79.12267195024761
79.02704454093666
78.49941928932469
79.02703945133932
78.49941398391492
79.02703437375202
78.39859711499143
79.12265440788933
79.02702683144402
78.49940078093279
79.02702175183212
78.39858381425445
79.12264189145391
78.3985784454826
79.1226368455619
78.39857311378606
79.02700652140824
78.4993795489415
78.39856500806077
79.02699882594162
78.49937150979494
78.39855689234282
79.02699114537933
78.3985515394802
78.49936073977464
78.39854604364099
78.39854328076004
78.39854052585414
78.39853778571495
78.49934708547364
78.39853226392492
78.39852952415586
78.39852676923796
78.39852401431766
77.77289995235573
78.39851835950664
78.39851559460712
77.7728911220569
78.39850993519936
77.77288517036322
77.77288212309786
78.39850136908585
77.77287616543244
77.77287312066267
77.77287006639332
77.77286699831407
77.7728639544838
77.77286090918417
77.77285784726676
77.66508776376538
77.7728517474607
77.15017156898759
77.77284547753833
77.03727767992774
77.77283921304111
77.15015843562988
77.03726766190789
77.77282973132752
77.15014850069689
77.03725765834542
77.15014176683235
76.41260282824229
77.15013487077177
77.03724390809239
76.53052097874098
77.03723695270365
76.41258474068458
77.15011769619447
76.41257746884541
76.41257374760757
76.41257002063739
76.41256630440003
75.91407649367393
76.41255867491444
75.79117935676304
76.41255105135785
75.6661642618179
75.79116735059604
75.79116328235274
75.79115921804713
75.0432172021617
75.7911509157189
75.04320848856926
75.17315933482207
75.04319959729773
75.0431951359041
74.4238564628424
75.04318604174867
74.42384702377112
74.42384221779879
74.28670766471214
73.8082073379841
74.2866977571699
73.66623183971062
73.6662265934126
72.90046083515446
73.04966747193589
73.52180311432394
72.28320845016722
72.90043814819792
72.2831965098922
72.12664059106879
72.12663447765789
71.50894892954095
71.50894241091139
71.34496449463174
70.72708696939993
70.72707995531871
70.55560298279767
69.93779313654974
69.7587474113688
69.32480240347127
69.57660694730427
68.5288186283917
68.76469581782356
67.72608604936029
68.14335253368291
67.32529485213311
67.32528573761988
66.50063972922115
65.88730712168957
65.88729698534057
65.44829610229064
64.83264043969734
64.83262967175503
63.98987193456938
63.75264703065624
63.141664638407825
62.89651592227976
62.03529991943069
61.77796520145492
61.16932137416347
60.904003467667906
60.025710817408154
59.1434575549003
59.14344320627486
58.257623226681545
57.96389535762269
57.06710142032158
56.76058098652478
55.85334791448599
55.853331696920705
54.61679707916265
54.033036557303554
53.357984237947804
52.77860488452848
51.50337877351407
51.50336024379372
51.142656771966244
49.27430426944963
49.27428468537204
48.507105137133536
47.56102381772855
46.617195300301304
46.21131368899101
45.26395348211697
44.845712514340946
43.895879300438665
42.51433309197089
42.514311454835905
41.12070050466742
40.66700815325294
39.25173943701989
38.772662058474275
37.82791800763439
36.88289511321953
35.90550470023229
34.96153686599309
34.02682868550748
33.52248349273225
32.08195404071675
31.563333071968007
30.64172405086082
30.115444152392133
28.670408661617895
27.23002685659064
26.685252056586698
25.79606587270988
25.245992386064703
23.815689664242964
23.256294371918933
21.833082936174307
21.26569586875568
20.422840487189976
19.278993866274693
18.455515339904913
17.300929138233215
16.498592433681637
15.919030056908786
14.55650910328075
13.974226209488624
12.633499830744233
12.049894067471866
11.463740537238078
10.149976725527267
9.564273360737065
8.860320240631589
7.694152633836264
7.017197212866921
6.43755295046982
5.274410038611273
4.631257846900194
4.0544139858961
3.476746976227483
2.2900819083407726
1.7399714782013036
1.1311810393259272
0
0
-1.1311773768716986
-1.675556456089437
-2.2614687085163028
-2.791174310782561
-3.3482409433107025
-3.9046733721739453
-4.4061886712361265
-5.501641667789125
-5.56913268562379
-5.975562491713772
-6.593058442587717
-7.679700555294114
-7.588250263777839
-8.123261197962641
-8.220970242411054
-9.188926175652677
-9.605869890639255
-9.719397732216756
-10.248201339042208
-10.12872826110638
-11.300448159131754
-11.169308613766812
-11.686855838852725
-11.82370733397838
-12.202461771773047
-12.716080234157113
-12.716066236660895
-13.227613533208727
-13.07735871182591
-13.73700630535065
-13.736991322320133
-14.244192461784722
-14.083304059291283
-14.749106901659015
-14.583010288606225
-14.749074564802065
-15.251670541377123
-15.080440470932729
-15.080423912246015
-15.751838178939053
-15.575550632446289
-15.751803916498954
-15.575516682548876
-16.068283716372108
-16.249516185794906
-16.068248806328924
-16.068231243119932
-16.068213728687986
-16.558548438110787
-16.24942768022586
-16.55851257110312
-16.068143686702502
-16.558476490601375
-16.558458463461672
-16.5584404327765
-16.558422396196892
-16.558404372457645
-16.06803830615048
-16.55836831871938
-16.558350246578303
-16.55833219868843
-16.558314215441055
-15.890599298522472
-16.55827788300514
-16.067915222033808
-16.376075168770594
-16.06787989729932
-16.067862299333086
-15.890494596270763
-16.067826976087286
-15.890459580192559
-15.402562812372613
-16.06777388137648
-15.402528777950288
-15.402511695954187
-15.574952177190754
-14.912301169164191
-15.40246056918126
-14.912267947101855
-14.912251334437883
-14.912234752828358
-14.419800386545354
-14.748308711473893
-14.41976797675254
-14.419751865986724
-13.771201789129744
-14.419719456502243
-13.925102762051466
-13.771155246816583
-13.279495023239038
-13.925055629334237
-13.27946498002801
-13.279449885323944
-13.279434775172376
-12.785778284435441
-13.279404558521177
-12.785749125033272
-12.290156933058569
-12.785719954263948
-12.290128798540453
-12.29011474383456
-12.154615527886858
-12.290086468415156
-11.662307048754279
-11.792609639312722
-11.662280147290282
-11.792582440836949
-11.662253233682007
-11.168209712896559
-11.293285865296799
-11.168183880277924
-11.168170901766851
-11.168157911976582
-10.672429974467821
-10.672417521562524
-11.168118941264188
-10.672392651052357
-10.17504573570784
-10.6723677458163
-10.67235535600789
-10.175010048006426
-10.672330443842633
-10.063009916418867
-10.174974279116125
-10.17496239361195
-10.17495050592299
-10.062962735670727
-10.174926568157526
-10.17491473424209
-10.062927287544369
-9.676009231479785
-10.174878913075863
-9.569289076902416
-10.174855015375623
-9.569266533030868
-10.174831095645244
-9.569243980847766
-10.1748071853417
-9.675918215514423
-10.06280916394711
-9.675895442623466
-10.062785505614327
-9.675872648290675
-9.569165137576789
-10.174723568205085
-9.569142628593378
-10.174699659258174
-9.569120075565568
-10.17467574877238
-9.569097544924414
-10.174651810234021
-9.569074991040118
-10.17462792750483
-9.67574741152926
-10.062631796189082
-9.675724616587944
-10.062608150092405
-10.174568179170492
-9.568996195247218
-10.174544281268215
-10.062560820465698
-10.174520397014927
-10.062537162518087
-9.675633489255334
-10.174484597504895
-10.062501742598938
-10.174460658538436
-10.062478105058373
-10.174436748506944
-10.174424888053181
-10.062442661305951
-10.174400976793777
-10.062419013020333
-10.671680343374105
-10.174365178346326
-10.062383551390182
-10.174341289491084
-10.17432934920436
-10.554420953776503
-10.174305466224059
-10.062324499713327
-10.671580376587084
-10.174269666106511
-10.554359111004475
-10.174245754566755
-10.671530464214985
-10.062253624085544
-10.671505464455205
-10.671492970135995
-10.174186175951261
-10.55427263228926
-10.671455539798355
-10.671443067200865
-10.554235581693975
-10.174126461984892
-10.671405597042414
-10.67139318191733
-10.554186160914995
-10.67136813643322
-10.671355671184696
-11.167010261537508
-10.55413674789493
-10.67131822042441
-10.67130577652036
-11.166958112404561
-10.671280907829587
-10.554075060764696
-11.166918998254339
-10.67124341747158
-11.16689300993204
-10.671218519171692
-11.04449839977764
-11.166853884912461
-10.67118104724452
-11.16682789828842
-11.166814905723044
-11.166801902273251
-11.166788920118309
-11.04440824828366
-11.166762775113117
-11.166749792877308
-11.166736800150565
-11.166723794965662
-11.166710814223096
-11.166697790927786
-11.166684840226074
-11.660637460430904
-11.166658863367473
-11.166645818643488
-11.660596902395511
-11.04425377872878
-11.660569673369395
-11.16659368545247
-11.660542613368463
-11.66052901072688
-11.166554769284275
-11.660501938935989
-11.660488464047782
-11.660474886586817
-11.16650277252905
-11.660447823733419
-11.660434277906546
-11.660420737934558
-11.660407214474771
-11.79068976190228
-11.660380281929433
-11.660366756336215
-11.66035320624232
-11.660339681002826
-12.152527957289205
-11.66031260637694
-11.660299057810386
-11.660285531228867
-12.152471669407824
-11.66025844516693
-12.15244352938514
-11.790525757923731
-12.152415528125616
-11.660204450604697
-12.152387377976762
-11.660177373778447
-12.152359238029197
-11.660150300938808
-12.152331077327398
-12.287778155317634
-11.66010982835722
-12.15228903382093
-12.152274937860843
-12.152260859951392
-12.152246785421923
-11.660042162031496
-12.287678737708667
-12.152204720327902
-12.152190642272279
-12.15217658047194
-12.15216249161319
-12.287607775633429
-12.152134511957874
-12.152120425142375
-12.152106373087928
-12.152092246690549
-12.287536865773232
-12.152064244829507
-12.642419750637124
-12.15203613146286
-12.287480090587438
-12.15200815171044
-12.151994062927377
-12.642346841134158
-12.151965911023627
-12.287409149021784
-12.151937919809965
-12.15192384332971
-12.642273968936975
-12.28735245135047
-12.15188173670371
-12.642230351132541
-12.151853623002786
-12.151839545920904
-12.287281462001408
-12.642172047863099
-12.15179747786693
-12.151783402798902
-12.782691907297783
-12.151755409125077
-12.151741352900922
-12.64208454720627
-12.28716801804385
-12.151699261895297
-12.151685197366916
-12.642026289704072
-12.287111272783417
-12.151643117182328
-12.151629037957683
-12.641968035696085
-12.287054528358135
-12.151586969020187
-12.641924375704148
-12.151558838614106
-12.286997765659825
-12.151530843584402
-12.641866124199215
-12.15150266911629
-12.286941046331211
-12.641822467108318
-12.151460596835785
-12.151446508618001
-12.782338695985846
-12.151418515680335
-12.151404459180537
-12.641734964986462
-12.286827608872064
-12.151362348046321
-12.641691333569769
-12.151334222289863
-12.782220933367439
-12.151306227182795
-12.641633035609468
-12.151278072841508
-12.28671411309241
-12.641589374409364
-12.151236001720596
-12.641560183789029
-12.286657347565354
-12.641531130796894
-12.151179861774336
-12.151165774250781
-12.782044309696511
-12.151137775889705
-12.151123698170023
-12.641443616111882
-12.286543900182096
-12.641414561751015
-12.151067549956723
-12.151053467829646
-12.78192658623363
-12.151025446619116
-12.151011421059858
-12.150997317754939
-12.286430423131389
-12.641298016812991
-11.658813481846238
-12.150941166361813
-11.65878638968133
-11.789051863280157
-11.658759472055042
-10.669280241399491
-10.669267821518522
-10.172060169152438
-9.071723566438049
-8.168422341714091
-7.158696588062613
-6.075964053238181
-5.5729577995643265
-4.564440675331281
-4.059076297596664
-4.059071382491126
-4.014114003083564
-5.572924271455666
-5.572917583705868
-5.902854288204159
-7.875655232995151
-8.087716494032986
-8.087697926252279
-8.0876882557666
-8.08768760862559
-9.684797525625976
-13.934341039551553
-13.93432518507881
-13.934309351330866
-12.364011784149017
-7.8659637946447365
-7.865446858313408
-7.865945045782038
-7.8659356150391275
-10.386038440772039
-1.1036332945059146
6.434172627342935
14.118303161497819
28.047081189982535
40.34044522306612
52.965748318403
57.307948152620405
61.58191529151356
76.30935049004565
76.30934670951511
75.85676007197443
75.78336642649
75.5046413653898
75.31414267237399
75.31407662734695
75.31413398500862
75.31412965672241
75.23399064169166
75.0678477080398
75.0678432118273
75.06790036648404
75.06783425809282
75.16873139657882
75.7833775093251
76.73620458632061
78.68953596045944
77.20149849375821
76.30915645437757
76.30927182545176
76.30926801891535
76.30926421419437
74.84313008101542
74.71879522626038
74.71872903070275
74.71872434153823
75.26396847638686
76.69625384393775
76.6963661059466
76.69624664406271
76.69635889722579
76.69630152559593
76.6963517003266
76.32734598579039
75.96303097423605
75.96290485600295
75.96302300330065
75.96301901782668
75.96289290083206
75.96301103246876
77.13691727121588
77.86020796136431
77.8602049513344
77.86030780943022
77.8601989010687
75.64622924043893
75.26970534879618
75.26976266838118
75.2697582981008
75.26975392718634
75.26974955300958
75.26968351692427
75.2698688409524
75.26973647018825
75.43035984330074
75.99021248854952
75.99002473742699
75.99020453855607
75.99007868528513
75.99019658432964
75.93937101959455
75.78312828716402
75.78330968978106
75.78324376549654
75.65624424310846
75.01735361120713
75.01741072448547
75.01740619543752
75.01740170267914
75.01739718416452
75.01739268010753
76.01934487399981
76.43457534374723
76.43463359870066
76.43456787002155
75.84174496283761
75.78306632971344
75.7832477326126
75.78324364412266
75.78305409042936
75.77773279970229
75.47353448555666
75.47371826257496
75.47352597897309
75.4157045455412
72.99787826530307
72.99808077987157
74.11563910930306
76.1163908803834
76.11632506019066
76.11632115596437
76.1161964263346
76.116313350958
76.11637135395038
76.1163055470583
77.9521979700917
80.66192949624525
81.08976489523215
81.08984121570305
81.089761576111
81.0898379045845
81.08983625106731
81.08975660533817
81.08989595889987
81.0897532942341
81.0898296368008
81.08982796524107
81.08974833146083
81.08982466809351
81.08980802991222
81.08982135295614
81.08974170917412
81.08981803780232
81.08981638222782
81.32712251931757
81.35655573966206
81.35649112971574
81.35648955769746
80.8257654367995
80.16563956414416
80.16572355810665
80.16563555429282
80.16563354436792
80.16563153444154
80.16562953269815
80.16562752495692
80.16562550665215
79.39254733685466
79.37092744272259
79.37089493841667
79.3709227746794
79.7703685235762
82.13197619879729
82.13190596511774
82.13190467816422
82.13197230106836
81.8070972809698
80.90897555913602
80.90891086734469
80.90905166943391
80.90890741315707
80.90890570316624
80.90896695887551
80.90890224696834
80.90904306925522
80.60706232517069
80.53693496531962
80.53678741827994
80.53684846066395
80.53692938978458
80.53684473740006
80.53684287276461
80.53692379571476
80.53683915149364
80.5367743799533
80.53691819982987
80.5368335614552
80.53683170291998
80.78823331744947
81.46845742274826
81.46844428702698
81.46845436981603
81.46851593054338
81.4684513408479
81.46851288955824
81.01866735131347
80.59754733124645
80.59754549588304
80.59756296991749
80.5975418152246
80.59762222698973
80.59753813238893
80.5976185482767
80.59753445154931
80.59755193960707
80.59753077487774
80.5976111808156
80.59752709202623
80.59760751809739
80.95682696541468
81.00204114453378
81.00203946080975
81.00197477098637
81.00211482541255
81.00203440160429
83.01463290788416
84.39828372078458
80.32251133581775
80.32248762017285
80.32257029846564
80.3224208547924
80.32248178009051
80.32256447673316
80.32241501681855
80.32247593814938
80.32249576417428
80.32247205417572
80.32255473474149
80.32240528882888
80.3224662082136
80.4117059798781
80.67450219834427
80.67450039011237
80.67441701370232
80.67449676815839
80.85258564782296
81.07511918866147
81.07519562509427
81.07511586665389
81.0750511887689
81.075190654099
81.07511087363498
81.07510921454735
81.07518566916018
81.07510589658389
81.07510423356756
80.0001896385297
79.49747787527622
79.49756738392949
79.52078427977575
80.86150605412074
80.86150430230347
80.86148557022271
80.86150082875191
80.86149907499176
80.67768745717234
80.41287365339288
80.41287173284455
80.41286982402967
80.41286791334649
80.41286600279527
80.41286410211062
80.754799526285
80.88403652468199
80.88389204766013
80.8840330599122
80.88388857674647
80.88394983487413
80.88396488859107
80.8839463540149
80.883961423706
80.8839429052252
80.88395796087248
80.8839394362406
80.88395450009052
80.90622100293935
80.9433406790943
80.94325971636846
80.94332100688132
80.94333555681457
80.94325459006183
80.94333213390776
80.94331415910433
80.9432494677246
80.94332701162357
80.94324604077272
80.94332358873146
80.94330561190401
80.94324092446753
80.20286306044504
80.1552551074404
80.15516699845308
80.15522782862708
80.15524906461317
80.15516096214178
81.0623961413301
82.27054846620808
82.27048402757075