44.655111
44.736938
44.806850
44.696409
44.516260
44.398825
44.363025
44.367524
44.392776
44.461785
44.606443
44.825366
45.070929
45.274994
45.393153
45.431435
45.432538
45.437950
45.471523
45.566306
45.46147132340316
45.919685075889035
49.0141860694236
56.467207497883024
71.50640595523106
93.32904800287096
115.46841556120285
129.0837538975194
135.61963039750947
137.6925245411582
137.857145
137.302405
136.525072
135.945586
135.536622
135.194680
134.864451
134.551290
134.291150
134.117243
134.041154
134.050731
134.118789
134.214807
134.313943
134.401195
134.471260
134.525993
134.571248
134.614265
134.661919
134.719705
134.791144
134.877408
134.977117
135.086399
135.199315
135.308657
135.407035
135.488016
135.547104
135.582331
135.594377
135.586222
135.562458
135.528432
135.489412
135.449918
135.413308
135.381634
135.355722
135.335393
135.319755
135.307476
135.297014
135.286783
135.275269
135.261131
135.243291
135.221042
135.194150
135.162940
135.128314
135.091692
135.054859
135.019741
134.988149
134.961548
134.940909
134.926662
134.918751
134.916770
134.920140
134.928283
134.940804
134.957659
134.979315
135.006858
135.041965
135.086620
135.142474
135.209894
135.286942
135.368740
135.447733
135.515041
135.562379
135.583198
135.571448
135.517550
135.404270
135.210220
134.934492
134.652238
134.536456
134.53603218563936
134.33467528406308
134.5363218894348
134.07806061955714
131.6765541849
122.63318598822187
105.70204941142856
80.25175481863027
61.63232571532912
50.383318548211854
47.210729581989284
45.92187314627221
46.27310096495193
45.66279518006563
45.260042129497634
44.65662098663311
44.65664108723364
44.656392
44.670196
44.748933
44.862331
44.962341
45.034438
45.080434
45.102482
45.098582
45.062411
44.983701
44.848621
44.640510
44.341073
43.931931
43.396284
42.720504
41.895541
40.918086
39.791445
38.526045
37.139520
35.656309
34.106774
32.525911
30.951721
29.423420
27.979601
26.656498
25.486458
24.496713
23.708483
23.136436
22.788495
22.665952
22.763852
23.071593
23.573684
24.250615
25.079792
26.036480
27.094741
28.228304
29.411369
30.619309
31.829255
33.020560
34.175148
35.277724
36.315882
37.280108
38.163682
38.962516
39.674927
40.301368
40.844132
41.307045
41.695154
42.014429
42.271484
42.473322
42.627104
42.739958
42.818814
42.870274
42.900508
42.915179
42.919401
42.917703
42.914027
42.911732
42.913617
42.921947
42.938492
42.964570
43.001086
43.048585
43.107288
43.177145
43.257869
43.348979
43.449833
43.559664
43.677604
43.802714
43.934006
44.070462
44.211054
44.354757
44.500564
44.647497
44.794615
44.941026
45.085890
45.228422
45.367901
45.503667
45.635128
45.761751
45.883071
45.998683
46.108242
46.211462
46.308109
46.398003
46.481010
46.557043
46.626055
46.688039
46.743024
46.791068
46.832262
46.866721
46.894586
46.916018
46.931195
46.940314
46.943585
46.941230
46.933483
46.920584
46.902783
46.880334
46.853500
46.822544
46.787737
46.749349
46.707658
46.662939
46.615474
46.565543
46.513430
46.459418
46.403792
46.346834
46.288827
46.230050
46.170781
46.111291
46.051848
45.992710
45.934130
45.876351
45.819604
45.764111
45.710078
45.657700
45.607156
45.558612
45.512215
45.468097
45.426374
45.387144
45.350487
45.316467
45.285131
45.256509
45.230613
45.207442
45.186974
45.169178
45.154004
45.141389
45.131258
45.123524
45.118087
45.114837
45.113656
45.114416
45.116983
45.121215
45.126966
45.134086
45.142423
45.151820
45.162124
45.173178
45.184829
45.196925
45.209318
45.221864
45.234424
45.246864
45.259056
45.270879
45.282220
45.292971
45.303032
45.312313
45.320728
45.328201
45.334662
45.340049
45.344308
45.347389
45.349250
45.349857
45.349178
45.347189
45.343870
45.339207
45.333189
45.325809
45.317064
45.306954
45.295484
45.282658
45.268484
45.252973
45.236136
45.217987
45.198539
45.177808
45.155808
45.132557
45.108068
45.082359
45.055444
45.027338
44.998054
44.967606
44.936006
44.903265
44.869392
44.834395
44.798283
44.761062
44.722737
44.683311
44.642788
44.601171
44.558462
44.514662
44.469773
44.423795
44.376732
44.328585
44.279359
44.229056
44.177685
44.125251
44.071766
44.017240
43.961688
43.905127
43.847576
43.789060
43.729602
43.669233
43.607985
43.545893
43.482998
43.419341
43.354968
43.289930
43.224278
43.158068
43.091360
43.024214
42.956695
42.888870
42.820808
42.752579
42.684258
42.615917
42.547632
42.479481
42.411538
42.343882
42.276590
42.209738
42.143402
42.077658
42.012578
41.948234
41.884697
41.822035
41.760313
41.699594
41.639938
41.581401
41.524038
41.467899
41.413029
41.359473
41.307268
41.256451
41.207052
41.159097
41.112611
41.067612
41.024115
40.982130
40.941665
40.902721
40.865298
40.829391
40.794992
40.762089
40.730667
40.700707
40.672187
40.645085
40.619372
40.595021
40.571998
40.550271
40.529803
40.510558
40.492497
40.475580
40.459765
40.445010
40.431272
40.418507
40.406671
40.395721
40.385611
40.376296
40.367734
40.359881
40.352692
40.346126
40.340142
40.334698
40.329756
40.325277
40.321224
40.317563
40.314260
40.311281
40.308598
40.306180
40.304001
40.302036
40.300261
40.298654
40.297194
40.295864
40.294646
40.293526
40.292488
40.291520
40.290612
40.289753
40.288934
40.288147
40.287384
40.286641
40.285911
40.285189
40.284472
40.283757
40.283040
40.282319
40.281593
40.280860
40.280121
40.279377
40.278627
40.277873
40.277119
40.276368
40.275623
40.274889
40.274173
40.273480
40.272818
40.272194
40.271617
40.271095
40.270639
40.270256
40.269957
40.269752
40.269649
40.269657
40.269787
40.270044
40.270437
40.270973
40.271657
40.272493
40.273485
40.274637
40.275948
40.277421
40.279053
40.280844
40.282791
40.284890
40.287136
40.289526
40.292053
40.294711
40.297493
40.300392
40.303401
40.306511
40.309715
40.313005
40.316373
40.319809
40.323307
40.326858
40.330453
40.334083
40.337742
40.341420
40.345109
40.348800
40.352487
40.356160
40.359811
40.363433
40.367017
40.370556
40.374042
40.377468
40.380827
40.384113
40.387318
40.390436
40.393463
40.396392
40.399220
40.401941
40.404552
40.407049
40.409430
40.411691
40.413833
40.415851
40.417746
40.419517
40.421163
40.422685
40.424081
40.425352
40.426499
40.427522
40.428421
40.429197
40.429850
40.430380
40.430787
40.431072
40.431233
40.431272
40.431186
40.430976
40.430641
40.430179
40.429590
40.428872
40.428023
40.427043
40.425930
40.424683
40.423299
40.421778
40.420118
40.418317
40.416374
40.414289
40.412059
40.409684
40.407163
40.404495
40.401680
40.398717
40.395605
40.392345
40.388937
40.385381
40.381676
40.377825
40.373826
40.369682
40.365393
40.360961
40.356386
40.351671
40.346817
40.341827
40.336702
40.331446
40.326061
40.320551
40.314919
40.309169
40.303306
40.297335
40.291262
40.285091
40.278831
40.272489
40.266072
40.259589
40.253050
40.246466
40.239846
40.233203
40.226549
40.219896
40.213259
40.206651
40.200086
40.193579
40.187145
40.180799
40.174555
40.168430
40.162437
40.156592
40.150908
40.145398
40.140077
40.134957
40.130050
40.125368
40.120922
40.116722
40.112779
40.109102
40.105701
40.102586
40.099765
40.097247
40.095043
40.093163
40.091616
40.090415
40.089572
40.089099
40.089012
40.089327
40.090062
40.091235
40.092868
40.094985
40.097611
40.100775
40.104505
40.108835
40.113800
40.119438
40.125788
40.132894
40.140800
40.149555
40.159208
40.169812
40.181421
40.194093
40.207885
40.222859
40.239076
40.256600
40.275495
40.295826
40.317659
40.341061
40.366096
40.392830
40.421329
40.451656
40.483874
40.518042
40.554221
40.592467
40.632833
40.675371
40.720128
40.767148
40.816473
40.868139
40.922179
40.978621
41.037491
41.098808
41.162586
41.228838
41.297569
41.368781
41.442471
41.518632
41.597250
41.678312
41.761795
41.847677
41.935928
42.026516
42.119406
42.214560
42.311934
42.411484
42.513162
42.616918
42.722699
42.830450
42.940114
43.051634
43.164949
43.279999
43.396722
43.515056
43.634940
43.756310
43.879107
44.003268
44.128736
44.255452
44.383360
44.512407
44.642542
44.773717
44.905886
45.039008
45.173045
45.307961
45.443726
45.580312
45.717695
45.855856
45.994778
46.134450
46.274862
46.416010
46.557892
46.700510
46.843868
46.987976
47.132845
47.278489
47.424926
47.572176
47.720262
47.869209
48.019045
48.169798
48.321499
48.474182
48.627878
48.782621
48.938445
49.095384
49.253471
49.412736
49.573210
49.734921
49.897896
50.062156
50.227723
50.394615
50.562845
50.732424
50.903360
51.075658
51.249319
51.424341
51.600720
51.778449
51.957518
52.137916
52.319630
52.502644
52.686944
52.872511
53.059329
53.247380
53.436646
53.627111
53.818757
54.011569
54.205534
54.400637
54.596868
54.794218
54.992678
55.192245
55.392913
55.594683
55.797556
56.001534
56.206623
56.412830
56.620163
56.828633
57.038249
57.249024
57.460971
57.674100
57.888426
58.103958
58.320708
58.538684
58.757896
58.978348
59.200045
59.422987
59.647174
59.872600
60.099260
60.327142
60.556234
60.786518
61.017975
61.250581
61.484311
61.719134
61.955019
62.191929
62.429826
62.668670
62.908417
63.149022
63.390439
63.632618
63.875510
64.119065
64.363231
64.607959
64.853196
65.098892
65.344998
65.591464
65.838242
66.085282
66.332538
66.579961
66.827502
67.075113
67.322742
67.570337
67.817843
68.065201
68.312349
68.559222
68.805750
69.051857
69.297465
69.542491
69.786845
70.030438
70.273172
70.514948
70.755664
70.995215
71.233494
71.470390
71.705790
71.939580
72.171643
72.401856
72.630096
72.856235
73.080142
73.301682
73.520716
73.737104
73.950706
74.161381
74.368990
74.573402
74.774489
74.972134
75.166229
75.356678
75.543395
75.726304
75.905338
76.080436
76.251540
76.418596
76.581544
76.740325
76.894872
77.045114
77.190976
77.332378
77.469240
77.601482
77.729030
77.851814
77.969776
78.082869
78.191061
78.294333
78.392684
78.486128
78.574697
78.658438
78.737416
78.811710
78.881413
78.946630
79.007479
79.064084
79.116574
79.165078
79.209724
79.250632
79.287917
79.321688
79.352052
79.379126
79.403041
79.423954
79.442059
79.457578
79.470767
79.481891
79.491211
79.498960
79.505326
79.510444
79.514394
79.517213
79.518904
79.519450
79.518819
79.516984
79.513947
79.509797
79.504761
79.499254
79.493835
79.489075
79.485348
79.482699
79.480995
79.480375
79.481521
79.484674
79.486835
79.479665
79.453890
79.396298
79.123230
79.749061
79.473558
79.488155
79.494659
79.478608
79.461625
79.454110
79.455638
79.461879
79.469205
79.476061
79.482449
79.488937
79.496013
79.503865
79.512446
79.521589
79.531101
79.540815
79.550616
79.560463
79.570402
79.580581
79.591242
79.602702
79.615307
79.629384
79.645183
79.662844
79.682373
79.703656
79.726485
79.750609
79.775777
79.801780
79.828481
79.855815
79.883787
79.912448
79.941865
79.972098
80.003178
80.035097
80.067803
80.101216
80.135235
80.169756
80.204689
80.239969
80.275563
80.311467
80.347707
80.384328
80.421383
80.458925
80.496996
80.535620
80.574801
80.614523
80.654747
80.695422
80.736485
80.777865
80.819494
80.861304
80.903234
80.945229
80.987241
81.029228
81.071154
81.112984
81.154687
81.196229
81.237578
81.278697
81.319552
81.360103
81.400312
81.440139
81.479543
81.518485
81.556923
81.594815
81.632117
81.668784
81.704765
81.740008
81.774453
81.808038
81.840694
81.872348
81.902924
81.932345
81.960530
81.987403
82.012888
82.036915
82.059420
82.080346
82.099645
82.117276
82.133209
82.147421
82.159896
82.170625
82.179606
82.186836
82.192321
82.196064
82.198070
82.198344
82.196890
82.193714
82.188818
82.182206
82.173882
82.163853
82.152125
82.138709
82.123618
82.106869
82.088482
82.068481
82.046892
82.023748
81.999080
81.972923
81.945314
81.916289
81.885886
81.854140
81.821087
81.786761
81.751194
81.714416
81.676458
81.637346
81.597108
81.555769
81.513356
81.469894
81.425410
81.379933
81.333491
81.286117
81.237842
81.188703
81.138736
81.087981
81.036479
80.984272
80.931404
80.877920
80.823865
80.769284
80.714222
80.658724
80.602834
80.546596
80.490052
80.433244
80.376214
80.319001
80.261646
80.204189
80.146670
80.089130
80.031611
79.974154
79.916802
79.859601
79.802597
79.745837
79.689371
79.633250
79.577527
79.522255
79.467491
79.413290
79.359712
79.306812
79.254651
79.203288
79.152781
79.103189
79.054570
79.006981
78.960480
78.915122
78.870961
78.828050
78.786440
78.746180
78.707318
78.669899
78.633967
78.599561
78.566720
78.535478
78.505869
78.477921
78.451660
78.427107
78.404280
78.383195
78.363860
78.346282
78.330462
78.316396
78.304076
78.293489
78.284618
78.277439
78.271926
78.268045
78.265759
78.265026
78.265799
78.268026
78.271653
78.276617
78.282856
78.290300
78.298879
78.308517
78.319135
78.330653
78.342986
78.356049
78.369755
78.384014
78.398735
78.413829
78.429204
78.444769
78.460434
78.476108
78.491704
78.507135
78.522316
78.537165
78.551600
78.565546
78.578927
78.591673
78.603716
78.614992
78.625440
78.635003
78.643630
78.651270
78.657879
78.663418
78.667847
78.671136
78.673256
78.674181
78.673891
78.672369
78.669602
78.665580
78.660297
78.653750
78.645939
78.636867
78.626539
78.614963
78.602150
78.588110
78.572857
78.556407
78.538775
78.519978
78.500033
78.478958
78.456771
78.433490
78.409133
78.383716
78.357256
78.329769
78.301270
78.271773
78.241288
78.209829
78.177402
78.144017
78.109678
78.074389
78.038150
78.000962
77.962820
77.923718
77.883647
77.842596
77.800550
77.757491
77.713399
77.668249
77.622016
77.574667
77.526171
77.476489
77.425581
77.373403
77.319908
77.265045
77.208758
77.150990
77.091678
77.030756
76.968157
76.903805
76.837625
76.769535
76.699451
76.627285
76.552945
76.476334
76.397353
76.315899
76.231865
76.145139
76.055607
75.963152
75.867652
75.768981
75.667012
75.561612
75.452648
75.339981
75.223470
75.102971
74.978339
74.849423
74.716073
74.578134
74.435451
74.287864
74.135214
73.977339
73.814076
73.645260
73.470726
73.290306
73.103834
72.911143
72.712063
72.506427
72.294069
72.074821
71.848517
71.614993
71.374086
71.125633
70.869476
70.605456
70.333419
70.053213
69.764689
69.467699
69.162101
68.847757
68.524529
68.192285
67.850899
67.500244
67.140202
66.770656
66.391496
66.002614
65.603908
65.195280
64.776638
64.347893
63.908963
63.459771
63.000243
62.530315
62.049924
61.559015
61.057541
60.545459
60.022732
59.489331
58.945234
58.390427
57.824901
57.248656
56.661701
56.064051
55.455731
54.836775
54.207225
53.567133
52.916560
52.255579
51.584272
50.902732
50.211063
49.509381
48.797816
48.076509
47.345613
46.605297
45.855743
45.097146
44.329717
43.553683
42.769284
41.976779
41.176439
40.368553
39.553427
38.731382
37.902753
37.067894
36.227172
35.380971
34.529689
33.673738
32.813545
31.949547
31.082198
30.211960
29.339307
28.464722
27.588700
26.711740
25.834350
24.957043
24.080337
23.204754
22.330816
21.459049
20.589977
19.724123
18.862006
18.004144
17.151046
16.303217
15.461154
14.625345
13.796268
12.974389
12.160163
11.354032
10.556423
9.767750
8.988408
8.218780
7.459229
6.710101
5.971725
5.244411
4.528449
3.824114
3.131657
2.451314
1.783299
1.127810
0.485023
-0.144903
-0.761827
-1.365628
-1.956200
-2.533456
-3.097327
-3.647758
-4.184712
-4.708165
-5.218110
-5.714552
-6.197512
-6.667021
-7.123125
-7.565880
-7.995353
-8.411621
-8.814772
-9.204901
-9.582113
-9.946521
-10.298243
-10.637405
-10.964140
-11.278585
-11.580882
-11.871180
-12.149628
-12.416382
-12.671601
-12.915445
-13.148079
-13.369670
-13.580385
-13.780396
-13.969873
-14.148992
-14.317925
-14.476848
-14.625938
-14.765373
-14.895328
-15.015983
-15.127515
-15.230103
-15.323925
-15.409160
-15.485987
-15.554582
-15.615126
-15.667795
-15.712768
-15.750223
-15.780338
-15.803290
-15.819258
-15.828420
-15.830955
-15.827041
-15.816858
-15.800585
-15.778405
-15.750497
-15.717045
-15.678232
-15.634243
-15.585264
-15.531482
-15.473085
-15.410262
-15.343204
-15.272103
-15.197152
-15.118546
-15.036477
-14.951143
-14.862739
-14.771462
-14.677507
-14.581072
-14.482352
-14.381544
-14.278841
-14.174438
-14.068528
-13.961301
-13.852947
-13.743654
-13.633605
-13.522985
-13.411973
-13.300746
-13.189479
-13.078343
-12.967506
-12.857130
-12.747377
-12.638403
-12.530359
-12.423394
-12.317649
-12.213265
-12.110373
-12.009102
-11.909574
-11.811907
-11.716213
-11.622595
-11.531154
-11.441981
-11.355163
-11.270780
-11.188902
-11.109596
-11.032918
-10.958920
-10.887644
-10.819125
-10.753393
-10.690466
-10.630359
-10.573075
-10.518615
-10.466968
-10.418120
-10.372046
-10.328720
-10.288104
-10.250158
-10.214836
-10.182087
-10.151852
-10.124073
-10.098685
-10.075619
-10.054806
-10.036171
-10.019640
-10.005136
-9.992581
-9.981896
-9.973002
-9.965820
-9.960272
-9.956280
-9.953766
-9.952656
-9.952875
-9.954349
-9.957010
-9.960788
-9.965615
-9.971429
-9.978167
-9.985768
-9.994176
-10.003336
-10.013195
-10.023704
-10.034815
-10.046485
-10.058671
-10.071336
-10.084441
-10.097955
-10.111847
-10.126088
-10.140654
-10.155522
-10.170673
-10.186089
-10.201756
-10.217660
-10.233792
-10.250143
-10.266707
-10.283479
-10.300456
-10.317634
-10.335013
-10.352593
-10.370374
-10.388357
-10.406542
-10.424931
-10.443524
-10.462322
-10.481326
-10.500535
-10.519948
-10.539563
-10.559378
-10.579390
-10.599594
-10.619985
-10.640556
-10.661300
-10.682210
-10.703275
-10.724486
-10.745833
-10.767303
-10.788886
-10.810569
-10.832339
-10.854185
-10.876093
-10.898052
-10.920050
-10.942077
-10.964120
-10.986172
-11.008223
-11.030267
-11.052295
-11.074304
-11.096287
-11.118242
-11.140164
-11.162052
-11.183903
-11.205715
-11.227486
-11.249213
-11.270894
-11.292524
-11.314101
-11.335618
-11.357070
-11.378451
-11.399754
-11.420970
-11.442091
-11.463108
-11.484012
-11.504794
-11.525443
-11.545950
-11.566305
-11.586499
-11.606521
-11.626361
-11.646011
-11.665460
-11.684699
-11.703719
-11.722511
-11.741068
-11.759380
-11.777443
-11.795250
-11.812798
-11.830082
-11.847103
-11.863861
-11.880357
-11.896596
-11.912583
-11.928322
-11.943822
-11.959090
-11.974132
-11.988955
-12.003565
-12.017966
-12.032158
-12.046144
-12.059918
-12.073477
-12.086812
-12.099911
-12.112761
-12.125346
-12.137647
-12.149646
-12.161319
-12.172648
-12.183609
-12.194183
-12.204351
-12.214095
-12.223403
-12.232263
-12.240668
-12.248613
-12.256098
-12.263126
-12.269704
-12.275838
-12.281540
-12.286819
-12.291687
-12.296156
-12.300237
-12.303940
-12.307275
-12.310251
-12.312880
-12.315172
-12.317142
-12.318805
-12.320182
-12.321297
-12.322179
-12.322861
-12.323383
-12.323784
-12.324108
-12.324400
-12.324705
-12.325063
-12.325515
-12.326094
-12.326830
-12.327746
-12.328861
-12.330187
-12.331733
-12.333503
-12.335497
-12.337713
-12.340146
-12.342788
-12.345628
-12.348652
-12.351838
-12.355161
-12.358586
-12.362071
-12.365563
-12.369001
-12.372316
-12.375433
-12.378276
-12.380768
-12.382839
-12.384430
-12.385494
-12.386003
-12.385943
-12.385319
-12.384145
-12.382441
-12.380219
-12.377468
-12.374136
-12.370108
-12.365182
-12.359050
-12.351273
-12.341262
-12.328260
-12.311311
-12.289217
-12.260470
-12.223155
-12.174822
-12.112329
-12.031685
-11.927887
-11.794812
-11.625152
-11.410487
-11.141516
-10.808589
-10.402649
-9.916720
-9.348001
-8.700436
-7.987404
-7.233876
-6.477369
-5.767384
-5.163986
-4.736599
-4.561670
-4.707809
-5.167106
-5.572918
-5.902854288204159
-7.875655232995151
-8.087716494032986
-8.087697926252279
-8.0876882557666
-8.08768760862559
-9.684797525625976
-13.934341039551553
-13.93432518507881
-13.934309351330866
-12.364011784149017
-7.8659637946447365
-7.865446858313408
-7.865945045782038
-7.8659356150391275
-10.386038440772039
-1.1036332945059146
6.434172627342935
14.118303161497819
28.047081189982535
40.34044522306612
52.965748318403
57.307948152620405
61.58191529151356
76.30935049004565
76.30934670951511
75.85676007197443
75.783366
75.556584
75.426697
75.353404
75.302045
75.260248
75.235438
75.246023
75.310065
75.434541
75.609488
75.809586
76.001866
76.155545
76.249929
76.278205
76.246989
76.172833
76.077285
75.981943
75.904503
75.856364
75.841908
75.859252
75.902010
75.961508
76.028914
76.096866
76.160392
76.217074
76.266597
76.309921
76.348335
76.382641
76.412640
76.436991
76.453436
76.459284
76.452027
76.429929
76.392464
76.340528
76.276394
76.203443
76.125736
76.047509
75.972687
75.904485
75.845135
75.795783
75.756519
75.726546
75.704416
75.688324
75.676390
75.666905
75.658515
75.650331
75.641953
75.633427
75.625134
75.617650
75.611590
75.607455
75.605520
75.605752
75.607794
75.611001
75.614528
75.617453
75.618936
75.618380
75.615580
75.610858
75.605143
75.600015
75.597689
75.600939
75.612984
75.637314
75.677497
75.736957
75.818759
75.925396
76.058607
76.219233
76.407123
76.621098
76.858970
77.117625
77.393152
77.681028
77.976317
78.273903
78.568715
78.855940
79.131212
79.390757
79.631499
79.851115
80.048042
80.221445
80.371146
80.497536
80.601473
80.684168
80.747096
80.791903
80.820347
80.834243
80.835443
80.825814
80.807240
80.781619
80.750862
80.716881
80.681576
80.646795
80.614298
80.585695
80.562395
80.545536
80.535936
80.534046
80.539924
80.553227
80.573230
80.598871
80.628810
80.661518
80.695366
80.728733
80.760100
80.788140
80.811792
80.830313
80.843309
80.850734
80.852875
80.850314
80.843868
80.834528
80.823385
80.811554
80.800113
80.790033
80.782129
80.777022
80.775106
80.776538
80.781239
80.788903
80.799027
80.810946
80.823883
80.837003
80.849472
80.860518
80.869484
80.875886
80.879440
80.880096
80.878039
80.873681
80.867632
80.860656
80.853615
80.847399
80.842857
80.840727
80.841568
80.845702
80.853180
80.863751
80.876868
80.891702
80.907190
80.922097
80.935102
80.944889
80.950250
80.950189
80.944007
80.931378
80.912391
80.887566
80.857832
80.824474
80.789048
80.753275
80.718918
80.687664
80.661000
80.640120
80.625846
80.618582
80.618293
80.624518
80.636407
80.652774
80.672173
80.692989
80.713525
80.732113
80.747208
80.757495
80.761977
80.760055
80.751586
80.736907
80.716827
80.692571
80.665684
80.637903
80.610995
80.586591
80.566043
80.550300
80.539854
80.534745
80.534632
80.538912
80.546870
80.557826
80.571247
80.586803
80.604356
80.623892
80.645412
80.668814
80.693802
80.719850
80.746220
80.772047
80.796465
80.818736
80.838357
80.855122
80.869123
80.880693
80.890305
80.898465
80.905603
80.911998
80.917733
80.922684
80.926522
80.928701
80.928414
80.924493
80.915263
80.898393
80.870853
80.829171
80.770187
80.692533
80.598797
80.497981
80.407381
80.353023
80.368731
80.495351
80.779701
81.258558
81.878748
82.270484