75.78336642649
75.5046413653898
75.31414267237399
75.31407662734695
75.31413398500862
75.31412965672241
75.23399064169166
75.0678477080398
75.0678432118273
75.06790036648404
75.06783425809282
75.16873139657882
75.7833775093251
76.73620458632061
78.68953596045944
77.20149849375821
76.30915645437757
76.30927182545176
76.30926801891535
76.30926421419437
74.84313008101542
74.71879522626038
74.71872903070275
74.71872434153823
75.26396847638686
76.69625384393775
76.6963661059466
76.69624664406271
76.69635889722579
76.69630152559593
76.6963517003266
76.32734598579039
75.96303097423605
75.96290485600295
75.96302300330065
75.96301901782668
75.96289290083206
75.96301103246876
77.13691727121588
77.86020796136431
77.8602049513344
77.86030780943022
77.8601989010687
75.64622924043893
75.26970534879618
75.26976266838118
75.2697582981008
75.26975392718634
75.26974955300958
75.26968351692427
75.2698688409524
75.26973647018825
75.43035984330074
75.99021248854952
75.99002473742699
75.99020453855607
75.99007868528513
75.99019658432964
75.93937101959455
75.78312828716402
75.78330968978106
75.78324376549654
75.65624424310846
75.01735361120713
75.01741072448547
75.01740619543752
75.01740170267914
75.01739718416452
75.01739268010753
76.01934487399981
76.43457534374723
76.43463359870066
76.43456787002155
75.84174496283761
75.78306632971344
75.7832477326126
75.78324364412266
75.78305409042936
75.77773279970229
75.47353448555666
75.47371826257496
75.47352597897309
75.4157045455412
72.99787826530307
72.99808077987157
74.11563910930306
76.1163908803834
76.11632506019066
76.11632115596437
76.1161964263346
76.116313350958
76.11637135395038
76.1163055470583
77.9521979700917
80.66192949624525
81.08976489523215
81.08984121570305
81.089761576111
81.0898379045845
81.08983625106731
81.08975660533817
81.08989595889987
81.0897532942341
81.0898296368008
81.08982796524107
81.08974833146083
81.08982466809351
81.08980802991222
81.08982135295614
81.08974170917412
81.08981803780232
81.08981638222782
81.32712251931757
81.35655573966206
81.35649112971574
81.35648955769746
80.8257654367995
80.16563956414416
80.16572355810665
80.16563555429282
80.16563354436792
80.16563153444154
80.16562953269815
80.16562752495692
80.16562550665215
79.39254733685466
79.37092744272259
79.37089493841667
79.3709227746794
79.7703685235762
82.13197619879729
82.13190596511774
82.13190467816422
82.13197230106836
81.8070972809698
80.90897555913602
80.90891086734469
80.90905166943391
80.90890741315707
80.90890570316624
80.90896695887551
80.90890224696834
80.90904306925522
80.60706232517069
80.53693496531962
80.53678741827994
80.53684846066395
80.53692938978458
80.53684473740006
80.53684287276461
80.53692379571476
80.53683915149364
80.5367743799533
80.53691819982987
80.5368335614552
80.53683170291998
80.78823331744947
81.46845742274826
81.46844428702698
81.46845436981603
81.46851593054338
81.4684513408479
81.46851288955824
81.01866735131347
80.59754733124645
80.59754549588304
80.59756296991749
80.5975418152246
80.59762222698973
80.59753813238893
80.5976185482767
80.59753445154931
80.59755193960707
80.59753077487774
80.5976111808156
80.59752709202623
80.59760751809739
80.95682696541468
81.00204114453378
81.00203946080975
81.00197477098637
81.00211482541255
81.00203440160429
83.01463290788416
84.39828372078458
80.32251133581775
80.32248762017285
80.32257029846564
80.3224208547924
80.32248178009051
80.32256447673316
80.32241501681855
80.32247593814938
80.32249576417428
80.32247205417572
80.32255473474149
80.32240528882888
80.3224662082136
80.4117059798781
80.67450219834427
80.67450039011237
80.67441701370232
80.67449676815839
80.85258564782296
81.07511918866147
81.07519562509427
81.07511586665389
81.0750511887689
81.075190654099
81.07511087363498
81.07510921454735
81.07518566916018
81.07510589658389
81.07510423356756
80.0001896385297
79.49747787527622
79.49756738392949
79.52078427977575
80.86150605412074
80.86150430230347
80.86148557022271
80.86150082875191
80.86149907499176
80.67768745717234
80.41287365339288
80.41287173284455
80.41286982402967
80.41286791334649
80.41286600279527
80.41286410211062
80.754799526285
80.88403652468199
80.88389204766013
80.8840330599122
80.88388857674647
80.88394983487413
80.88396488859107
80.8839463540149
80.883961423706
80.8839429052252
80.88395796087248
80.8839394362406
80.88395450009052
80.90622100293935
80.9433406790943
80.94325971636846
80.94332100688132
80.94333555681457
80.94325459006183
80.94333213390776
80.94331415910433
80.9432494677246
80.94332701162357
80.94324604077272
80.94332358873146
80.94330561190401
80.94324092446753
80.20286306044504
80.1552551074404
80.15516699845308
80.15522782862708
80.15524906461317
80.15516096214178
81.0623961413301
82.27054846620808
82.27048402757075