37.771054 -122.408870
37.771118 -122.408790
37.771182 -122.408710
37.771246 -122.408630
37.771310 -122.408551
37.771373 -122.408470
37.771436 -122.408389
37.771499 -122.408308
37.771562 -122.408228
37.771626 -122.408147
37.771689 -122.408066
37.771752 -122.407985
37.771815 -122.407905
37.771879 -122.407824
37.771942 -122.407743
37.772005 -122.407662
37.772068 -122.407582
37.772131 -122.407501
37.772195 -122.407421
37.772259 -122.407341
37.772323 -122.407261
37.772387 -122.407181
37.772451 -122.407101
37.772514 -122.407021
37.772577 -122.406940
37.772640 -122.406859
37.772701 -122.406775
37.772761 -122.406691
37.772823 -122.406610
37.772913 -122.406617
37.773002 -122.406624
37.773092 -122.406631
37.773182 -122.406638
37.773271 -122.406640
37.773361 -122.406640
37.773451 -122.406640
37.773541 -122.406636
37.773631 -122.406631
37.773720 -122.406620
37.773809 -122.406604
37.773896 -122.406575
37.773983 -122.406547
37.774070 -122.406519
37.774157 -122.406491
37.774241 -122.406452
37.774325 -122.406412
37.774410 -122.406373
37.774493 -122.406330
37.774573 -122.406281
37.774652 -122.406226
37.774534 -122.405709
37.774600 -122.405640
37.774666 -122.405570
37.774732 -122.405501
37.774797 -122.405431
37.774862 -122.405361
37.774927 -122.405291
37.774992 -122.405221
37.775057 -122.405151
37.775122 -122.405080
37.775187 -122.405010
37.775252 -122.404939
37.775316 -122.404869
37.775381 -122.404798
37.775446 -122.404727
37.775510 -122.404657
37.775575 -122.404586
37.775639 -122.404515
37.775704 -122.404445
37.775768 -122.404374
37.775833 -122.404303
37.775897 -122.404233
37.775962 -122.404162
37.776027 -122.404091
37.776091 -122.404021
37.776156 -122.403950
37.776221 -122.403880
37.776285 -122.403809
37.776350 -122.403739
37.776415 -122.403668
37.776479 -122.403597
37.776544 -122.403525
37.776608 -122.403452
37.776672 -122.403379
37.776736 -122.403304
37.776799 -122.403229
37.776862 -122.403153
37.776925 -122.403076
37.776988 -122.402999
37.777050 -122.402921
37.777113 -122.402842
37.777175 -122.402763
37.777236 -122.402683
37.777298 -122.402603
37.777359 -122.402522
37.777421 -122.402441
37.777482 -122.402360
37.777542 -122.402278
37.777603 -122.402196
37.777664 -122.402114
37.777724 -122.402031
37.777784 -122.401948
37.777844 -122.401865
37.777904 -122.401782
37.777964 -122.401699
37.778024 -122.401615
37.778084 -122.401532
37.778144 -122.401448
37.778203 -122.401364
37.778263 -122.401280
37.778323 -122.401196
37.778382 -122.401113
37.778442 -122.401029
37.778501 -122.400945
37.778561 -122.400861
37.778620 -122.400777
37.778680 -122.400693
37.778739 -122.400609
37.778800 -122.400525
37.778860 -122.400441
37.778920 -122.400358
37.778980 -122.400274
37.779040 -122.400191
37.779100 -122.400108
37.779161 -122.400024
37.779221 -122.399941
37.779282 -122.399858
37.779342 -122.399775
37.779403 -122.399692
37.779464 -122.399609
37.779524 -122.399526
37.779585 -122.399444
37.779646 -122.399361
37.779708 -122.399279
37.779769 -122.399197
37.779830 -122.399115
37.779892 -122.399033
37.779953 -122.398951
37.780015 -122.398869
37.780077 -122.398788
37.780139 -122.398706
37.780201 -122.398625
37.780264 -122.398544
37.780326 -122.398463
37.780389 -122.398382
37.780452 -122.398302
37.780515 -122.398221
37.780578 -122.398141
37.780641 -122.398061
37.780704 -122.397981
37.780768 -122.397901
37.780831 -122.397821
37.780895 -122.397741
37.780959 -122.397662
37.781023 -122.397583
37.781087 -122.397503
37.781152 -122.397424
37.781216 -122.397345
37.781281 -122.397266
37.781345 -122.397188
37.781410 -122.397109
37.781474 -122.397030
37.781539 -122.396951
37.781603 -122.396872
37.781668 -122.396793
37.781732 -122.396714
37.781796 -122.396635
37.781861 -122.396556
37.781925 -122.396477
37.781989 -122.396397
37.782053 -122.396318
37.782117 -122.396238
37.782180 -122.396158
37.782244 -122.396079
37.782307 -122.395999
37.782371 -122.395918
37.782434 -122.395838
37.782497 -122.395758
37.782560 -122.395677
37.782623 -122.395596
37.782685 -122.395515
37.782748 -122.395434
37.782810 -122.395353
37.782873 -122.395272
37.782935 -122.395190
37.782997 -122.395109
37.783059 -122.395027
37.783121 -122.394946
37.783184 -122.394864
37.783246 -122.394783
37.783308 -122.394701
37.783370 -122.394620
37.783433 -122.394539
37.783495 -122.394457
37.783557 -122.394376
37.783620 -122.394295
37.783682 -122.394214
37.783744 -122.394132
37.783807 -122.394051
37.783869 -122.393970
37.783932 -122.393889
37.783995 -122.393808
37.784057 -122.393727
37.784120 -122.393647
37.784183 -122.393566
37.784245 -122.393485
37.784308 -122.393404
37.784371 -122.393323
37.784433 -122.393243
37.784496 -122.393162
37.784559 -122.393081
37.784622 -122.393001
37.784685 -122.392920
37.784748 -122.392840
37.784811 -122.392759
37.784873 -122.392679
37.784936 -122.392598
37.784999 -122.392518
37.785062 -122.392438
37.785125 -122.392357
37.785188 -122.392277
37.785251 -122.392197
37.785314 -122.392116
37.785377 -122.392036
37.785441 -122.391956
37.785504 -122.391876
37.785567 -122.391796
37.785630 -122.391716
37.785693 -122.391636
37.785756 -122.391556
37.785820 -122.391476
37.785883 -122.391396
37.785946 -122.391317
37.786010 -122.391237
37.786073 -122.391157
37.786137 -122.391078
37.786200 -122.390998
37.786264 -122.390919
37.786328 -122.390840
37.786392 -122.390760
37.786455 -122.390681
37.786519 -122.390602
37.786583 -122.390523
37.786647 -122.390445
37.786711 -122.390366
37.786775 -122.390287
37.786840 -122.390209
37.786904 -122.390130
37.786968 -122.390051
37.787032 -122.389973
37.787097 -122.389895
37.787161 -122.389816
37.787226 -122.389738
37.787290 -122.389660
37.787355 -122.389582
37.787419 -122.389504
37.787484 -122.389426
37.787549 -122.389348
37.787613 -122.389270
37.787678 -122.389192
37.787743 -122.389115
37.787808 -122.389037
37.787873 -122.388960
37.787938 -122.388883
37.788004 -122.388806
37.788070 -122.388729
37.788135 -122.388652
37.788201 -122.388576
37.788267 -122.388499
37.788333 -122.388423
37.788400 -122.388347
37.788466 -122.388271
37.788533 -122.388196
37.788599 -122.388120
37.788666 -122.388044
37.788733 -122.387969
37.788800 -122.387894
37.788867 -122.387819
37.788935 -122.387744
37.789002 -122.387670
37.789070 -122.387595
37.789138 -122.387521
37.789206 -122.387447
37.789274 -122.387373
37.789342 -122.387299
37.789410 -122.387226
37.789479 -122.387152
37.789547 -122.387079
37.789616 -122.387005
37.789684 -122.386932
37.789753 -122.386859
37.789821 -122.386785
37.789890 -122.386712
37.789958 -122.386638
37.790027 -122.386565
37.790096 -122.386492
37.790164 -122.386418
37.790233 -122.386345
37.790301 -122.386272
37.790370 -122.386199
37.790438 -122.386125
37.790507 -122.386052
37.790576 -122.385979
37.790644 -122.385905
37.790713 -122.385832
37.790781 -122.385759
37.790850 -122.385686
37.790919 -122.385612
37.790987 -122.385539
37.791056 -122.385466
37.791124 -122.385392
37.791193 -122.385319
37.791262 -122.385246
37.791330 -122.385172
37.791399 -122.385099
37.791467 -122.385026
37.791536 -122.384953
37.791604 -122.384879
37.791673 -122.384806
37.791742 -122.384733
37.791810 -122.384659
37.791879 -122.384586
37.791947 -122.384512
37.792016 -122.384439
37.792084 -122.384365
37.792153 -122.384292
37.792222 -122.384218
37.792290 -122.384144
37.792359 -122.384071
37.792428 -122.383997
37.792496 -122.383923
37.792565 -122.383849
37.792634 -122.383775
37.792703 -122.383701
37.792772 -122.383627
37.792841 -122.383553
37.792910 -122.383479
37.792979 -122.383405
37.793048 -122.383331
37.793117 -122.383257
37.793186 -122.383182
37.793255 -122.383108
37.793324 -122.383034
37.793393 -122.382960
37.793462 -122.382885
37.793531 -122.382811
37.793600 -122.382737
37.793669 -122.382663
37.793738 -122.382588
37.793807 -122.382514
37.793876 -122.382440
37.793945 -122.382366
37.794014 -122.382291
37.794083 -122.382217
37.794152 -122.382143
37.794221 -122.382069
37.794290 -122.381994
37.794359 -122.381920
37.794428 -122.381846
37.794497 -122.381772
37.794566 -122.381698
37.794635 -122.381624
37.794704 -122.381550
37.794773 -122.381476
37.794842 -122.381402
37.794912 -122.381327
37.794981 -122.381253
37.795050 -122.381179
37.795119 -122.381105
37.795188 -122.381031
37.795257 -122.380957
37.795326 -122.380883
37.795396 -122.380809
37.795465 -122.380735
37.795534 -122.380661
37.795603 -122.380588
37.795672 -122.380514
37.795742 -122.380440
37.795811 -122.380366
37.795880 -122.380292
37.795950 -122.380218
37.796019 -122.380145
37.796088 -122.380071
37.796157 -122.379997
37.796227 -122.379923
37.796296 -122.379849
37.796365 -122.379775
37.796434 -122.379701
37.796503 -122.379627
37.796573 -122.379553
37.796642 -122.379479
37.796711 -122.379405
37.796780 -122.379332
37.796849 -122.379258
37.796919 -122.379184
37.796988 -122.379110
37.797057 -122.379036
37.797126 -122.378962
37.797195 -122.378887
37.797264 -122.378813
37.797333 -122.378739
37.797402 -122.378665
37.797472 -122.378591
37.797541 -122.378517
37.797610 -122.378443
37.797679 -122.378368
37.797747 -122.378294
37.797816 -122.378220
37.797885 -122.378145
37.797954 -122.378071
37.798023 -122.377997
37.798092 -122.377922
37.798161 -122.377848
37.798230 -122.377774
37.798299 -122.377699
37.798368 -122.377625
37.798437 -122.377551
37.798506 -122.377476
37.798575 -122.377402
37.798644 -122.377328
37.798713 -122.377253
37.798781 -122.377179
37.798850 -122.377104
37.798919 -122.377030
37.798988 -122.376956
37.799057 -122.376881
37.799126 -122.376807
37.799195 -122.376733
37.799263 -122.376659
37.799332 -122.376585
37.799401 -122.376510
37.799469 -122.376436
37.799538 -122.376362
37.799607 -122.376288
37.799675 -122.376214
37.799744 -122.376141
37.799812 -122.376067
37.799880 -122.375993
37.799949 -122.375919
37.800017 -122.375845
37.800086 -122.375772
37.800154 -122.375698
37.800222 -122.375624
37.800291 -122.375550
37.800359 -122.375477
37.800427 -122.375403
37.800496 -122.375329
37.800564 -122.375255
37.800632 -122.375182
37.800701 -122.375108
37.800769 -122.375034
37.800837 -122.374960
37.800906 -122.374887
37.800974 -122.374813
37.801042 -122.374739
37.801111 -122.374665
37.801179 -122.374591
37.801247 -122.374518
37.801316 -122.374444
37.801384 -122.374370
37.801452 -122.374296
37.801521 -122.374223
37.801589 -122.374149
37.801657 -122.374075
37.801726 -122.374001
37.801794 -122.373928
37.801863 -122.373854
37.801931 -122.373780
37.801999 -122.373706
37.802068 -122.373633
37.802136 -122.373559
37.802204 -122.373485
37.802273 -122.373411
37.802341 -122.373338
37.802409 -122.373264
37.802478 -122.373190
37.802546 -122.373116
37.802615 -122.373043
37.802683 -122.372969
37.802751 -122.372895
37.802820 -122.372821
37.802888 -122.372748
37.802956 -122.372674
37.803025 -122.372600
37.803093 -122.372527
37.803162 -122.372453
37.803230 -122.372380
37.803299 -122.372306
37.803367 -122.372232
37.803436 -122.372159
37.803504 -122.372085
37.803573 -122.372012
37.803641 -122.371938
37.803709 -122.371864
37.803778 -122.371791
37.803846 -122.371717
37.803915 -122.371643
37.803983 -122.371570
37.804051 -122.371496
37.804120 -122.371422
37.804188 -122.371349
37.804257 -122.371275
37.804326 -122.371202
37.804394 -122.371128
37.804462 -122.371055
37.804530 -122.370982
37.804598 -122.370909
37.804666 -122.370836
37.804734 -122.370763
37.804802 -122.370690
37.804870 -122.370617
37.804938 -122.370545
37.805006 -122.370472
37.805074 -122.370399
37.805142 -122.370327
37.805210 -122.370254
37.805278 -122.370182
37.805347 -122.370110
37.805415 -122.370037
37.805483 -122.369965
37.805552 -122.369893
37.805620 -122.369821
37.805689 -122.369749
37.805757 -122.369677
37.805825 -122.369605
37.805894 -122.369533
37.805962 -122.369460
37.806031 -122.369388
37.806099 -122.369316
37.806167 -122.369244
37.806236 -122.369172
37.806304 -122.369099
37.806372 -122.369027
37.806440 -122.368955
37.806509 -122.368882
37.806577 -122.368810
37.806645 -122.368737
37.806713 -122.368665
37.806781 -122.368592
37.806849 -122.368519
37.806917 -122.368447
37.806985 -122.368374
37.807053 -122.368301
37.807121 -122.368228
37.807189 -122.368155
37.807256 -122.368082
37.807324 -122.368009
37.807392 -122.367936
37.807460 -122.367864
37.807528 -122.367791
37.807596 -122.367718
37.807664 -122.367645
37.807732 -122.367573
37.807800 -122.367500
37.807868 -122.367428
37.807936 -122.367355
37.808004 -122.367283
37.808072 -122.367210
37.808141 -122.367138
37.808209 -122.367066
37.808277 -122.366994
37.808346 -122.366921
37.808414 -122.366849
37.808482 -122.366778
37.808551 -122.366706
37.808619 -122.366634
37.808688 -122.366562
37.808756 -122.366490
37.808825 -122.366418
37.808893 -122.366346
37.808961 -122.366274
37.809030 -122.366202
37.809098 -122.366130
37.809166 -122.366058
37.809235 -122.365985
37.809303 -122.365913
37.809371 -122.365841
37.809439 -122.365768
37.809507 -122.365696
37.809575 -122.365623
37.809643 -122.365551
37.809711 -122.365478
37.809779 -122.365405
37.809847 -122.365332
37.809914 -122.365259
37.809982 -122.365186
37.810049 -122.365113
37.810116 -122.365039
37.810184 -122.364965
37.810251 -122.364892
37.810318 -122.364818
37.810384 -122.364744
37.810451 -122.364669
37.810518 -122.364595
37.810584 -122.364521
37.810650 -122.364446
37.810717 -122.364371
37.810782 -122.364296
37.810848 -122.364221
37.810914 -122.364145
37.810979 -122.364070
37.811045 -122.363994
37.811110 -122.363918
37.811175 -122.363842
37.811240 -122.363765
37.811305 -122.363689
37.811370 -122.363612
37.811435 -122.363534
37.811500 -122.363457
37.811565 -122.363379
37.811629 -122.363301
37.811693 -122.363222
37.811758 -122.363144
37.811821 -122.363065
37.811885 -122.362986
37.811949 -122.362906
37.812012 -122.362827
37.812075 -122.362747
37.812138 -122.362667
37.812201 -122.362587
37.812263 -122.362506
37.812326 -122.362426
37.812388 -122.362345
37.812450 -122.362263
37.812512 -122.362182
37.812574 -122.362101
37.812635 -122.362019
37.812697 -122.361937
37.812758 -122.361855
37.812819 -122.361773
37.812880 -122.361691
37.812941 -122.361608
37.813002 -122.361526
37.813062 -122.361443
37.813123 -122.361360
37.813183 -122.361277
37.813243 -122.361194
37.813303 -122.361110
37.813363 -122.361027
37.813423 -122.360943
37.813483 -122.360859
37.813542 -122.360775
37.813602 -122.360691
37.813661 -122.360607
37.813720 -122.360522
37.813779 -122.360438
37.813838 -122.360353
37.813897 -122.360268
37.813955 -122.360183
37.814014 -122.360098
37.814072 -122.360012
37.814130 -122.359926
37.814187 -122.359840
37.814245 -122.359754
37.814302 -122.359667
37.814359 -122.359580
37.814416 -122.359493
37.814473 -122.359406
37.814530 -122.359318
37.814586 -122.359230
37.814642 -122.359142
37.814698 -122.359054
37.814753 -122.358965
37.814809 -122.358876
37.814864 -122.358786
37.814919 -122.358697
37.814973 -122.358607
37.815028 -122.358517
37.815082 -122.358427
37.815136 -122.358336
37.815190 -122.358245
37.815243 -122.358154
37.815296 -122.358063
37.815349 -122.357971
37.815402 -122.357880
37.815455 -122.357788
37.815507 -122.357695
37.815559 -122.357603
37.815610 -122.357510
37.815662 -122.357417
37.815713 -122.357324
37.815764 -122.357231
37.815815 -122.357137
37.815865 -122.357044
37.815915 -122.356950
37.815965 -122.356856
37.816015 -122.356761
37.816064 -122.356667
37.816113 -122.356572
37.816162 -122.356477
37.816211 -122.356382
37.816259 -122.356286
37.816307 -122.356191
37.816354 -122.356095
37.816402 -122.355999
37.816449 -122.355903
37.816495 -122.355807
37.816542 -122.355710
37.816588 -122.355614
37.816634 -122.355517
37.816679 -122.355420
37.816724 -122.355323
37.816769 -122.355225
37.816814 -122.355128
37.816858 -122.355030
37.816902 -122.354932
37.816945 -122.354834
37.816988 -122.354736
37.817031 -122.354637
37.817073 -122.354539
37.817115 -122.354440
37.817157 -122.354341
37.817198 -122.354241
37.817239 -122.354142
37.817280 -122.354042
37.817320 -122.353942
37.817360 -122.353842
37.817400 -122.353742
37.817439 -122.353642
37.817478 -122.353541
37.817516 -122.353440
37.817554 -122.353339
37.817592 -122.353238
37.817629 -122.353137
37.817666 -122.353035
37.817703 -122.352933
37.817739 -122.352831
37.817775 -122.352729
37.817811 -122.352627
37.817846 -122.352524
37.817881 -122.352421
37.817915 -122.352318
37.817949 -122.352215
37.817983 -122.352112
37.818017 -122.352008
37.818050 -122.351905
37.818082 -122.351801
37.818115 -122.351697
37.818147 -122.351592
37.818178 -122.351488
37.818209 -122.351383
37.818240 -122.351278
37.818271 -122.351173
37.818301 -122.351068
37.818331 -122.350962
37.818360 -122.350857
37.818390 -122.350751
37.818418 -122.350645
37.818447 -122.350539
37.818475 -122.350432
37.818503 -122.350326
37.818530 -122.350219
37.818557 -122.350112
37.818584 -122.350005
37.818610 -122.349897
37.818636 -122.349790
37.818662 -122.349682
37.818687 -122.349574
37.818712 -122.349466
37.818736 -122.349358
37.818760 -122.349249
37.818784 -122.349141
37.818808 -122.349032
37.818831 -122.348923
37.818854 -122.348814
37.818876 -122.348704
37.818899 -122.348595
37.818921 -122.348485
37.818943 -122.348376
37.818964 -122.348266
37.818985 -122.348156
37.819006 -122.348046
37.819027 -122.347935
37.819047 -122.347825
37.819067 -122.347715
37.819087 -122.347604
37.819107 -122.347493
37.819126 -122.347383
37.819146 -122.347272
37.819165 -122.347161
37.819183 -122.347050
37.819202 -122.346939
37.819221 -122.346828
37.819239 -122.346717
37.819257 -122.346606
37.819275 -122.346494
37.819293 -122.346383
37.819311 -122.346272
37.819328 -122.346160
37.819345 -122.346049
37.819363 -122.345937
37.819380 -122.345825
37.819397 -122.345714
37.819414 -122.345602
37.819431 -122.345490
37.819447 -122.345379
37.819464 -122.345267
37.819481 -122.345155
37.819497 -122.345044
37.819514 -122.344932
37.819530 -122.344820
37.819547 -122.344708
37.819563 -122.344596
37.819580 -122.344485
37.819596 -122.344373
37.819612 -122.344261
37.819629 -122.344149
37.819645 -122.344037
37.819661 -122.343925
37.819678 -122.343814
37.819694 -122.343702
37.819710 -122.343590
37.819727 -122.343478
37.819743 -122.343366
37.819759 -122.343255
37.819776 -122.343143
37.819792 -122.343031
37.819808 -122.342919
37.819825 -122.342807
37.819841 -122.342695
37.819857 -122.342584
37.819874 -122.342472
37.819890 -122.342360
37.819906 -122.342248
37.819923 -122.342136
37.819939 -122.342024
37.819955 -122.341913
37.819972 -122.341801
37.819988 -122.341689
37.820005 -122.341577
37.820021 -122.341465
37.820037 -122.341354
37.820054 -122.341242
37.820070 -122.341130
37.820087 -122.341018
37.820103 -122.340906
37.820119 -122.340795
37.820136 -122.340683
37.820152 -122.340571
37.820169 -122.340459
37.820185 -122.340347
37.820202 -122.340236
37.820218 -122.340124
37.820234 -122.340012
37.820251 -122.339900
37.820267 -122.339788
37.820284 -122.339677
37.820300 -122.339565
37.820317 -122.339453
37.820333 -122.339341
37.820349 -122.339229
37.820366 -122.339118
37.820382 -122.339006
37.820399 -122.338894
37.820415 -122.338782
37.820431 -122.338670
37.820448 -122.338558
37.820464 -122.338447
37.820480 -122.338335
37.820497 -122.338223
37.820513 -122.338111
37.820529 -122.337999
37.820546 -122.337888
37.820562 -122.337776
37.820578 -122.337664
37.820595 -122.337552
37.820611 -122.337440
37.820627 -122.337328
37.820643 -122.337216
37.820659 -122.337105
37.820676 -122.336993
37.820692 -122.336881
37.820708 -122.336769
37.820724 -122.336657
37.820740 -122.336545
37.820756 -122.336433
37.820772 -122.336321
37.820788 -122.336209
37.820804 -122.336098
37.820819 -122.335986
37.820835 -122.335874
37.820851 -122.335762
37.820866 -122.335650
37.820882 -122.335538
37.820898 -122.335426
37.820913 -122.335314
37.820929 -122.335202
37.820944 -122.335090
37.820959 -122.334978
37.820975 -122.334866
37.820990 -122.334754
37.821005 -122.334642
37.821020 -122.334530
37.821036 -122.334418
37.821051 -122.334305
37.821065 -122.334193
37.821080 -122.334081
37.821095 -122.333969
37.821110 -122.333857
37.821124 -122.333745
37.821139 -122.333633
37.821153 -122.333520
37.821168 -122.333408
37.821182 -122.333296
37.821197 -122.333184
37.821211 -122.333072
37.821225 -122.332959
37.821239 -122.332847
37.821253 -122.332735
37.821267 -122.332623
37.821281 -122.332510
37.821295 -122.332398
37.821309 -122.332286
37.821323 -122.332173
37.821336 -122.332061
37.821350 -122.331949
37.821364 -122.331836
37.821377 -122.331724
37.821390 -122.331612
37.821404 -122.331499
37.821417 -122.331387
37.821430 -122.331274
37.821443 -122.331162
37.821456 -122.331049
37.821469 -122.330937
37.821482 -122.330824
37.821495 -122.330712
37.821508 -122.330600
37.821521 -122.330487
37.821534 -122.330374
37.821546 -122.330262
37.821559 -122.330149
37.821571 -122.330037
37.821583 -122.329924
37.821596 -122.329812
37.821608 -122.329699
37.821620 -122.329586
37.821632 -122.329474
37.821644 -122.329361
37.821656 -122.329249
37.821668 -122.329136
37.821680 -122.329023
37.821692 -122.328911
37.821704 -122.328798
37.821715 -122.328685
37.821727 -122.328572
37.821739 -122.328460
37.821750 -122.328347
37.821762 -122.328234
37.821774 -122.328122
37.821785 -122.328009
37.821797 -122.327896
37.821809 -122.327783
37.821820 -122.327671
37.821832 -122.327558
37.821844 -122.327445
37.821856 -122.327333
37.821867 -122.327220
37.821879 -122.327107
37.821891 -122.326995
37.821903 -122.326882
37.821915 -122.326769
37.821927 -122.326657
37.821939 -122.326544
37.821951 -122.326431
37.821963 -122.326319
37.821975 -122.326206
37.821987 -122.326094
37.822000 -122.325981
37.822012 -122.325869
37.822024 -122.325756
37.822037 -122.325644
37.822049 -122.325531
37.822062 -122.325419
37.822074 -122.325306
37.822087 -122.325194
37.822100 -122.325081
37.822113 -122.324969
37.822126 -122.324856
37.822139 -122.324744
37.822152 -122.324632
37.822165 -122.324519
37.822178 -122.324407
37.822191 -122.324294
37.822204 -122.324182
37.822218 -122.324070
37.822231 -122.323957
37.822245 -122.323845
37.822258 -122.323733
37.822272 -122.323621
37.822286 -122.323509
37.822299 -122.323396
37.822313 -122.323284
37.822327 -122.323172
37.822341 -122.323060
37.822356 -122.322948
37.822370 -122.322836
37.822384 -122.322723
37.822399 -122.322611
37.822414 -122.322499
37.822428 -122.322387
37.822443 -122.322275
37.822458 -122.322163
37.822473 -122.322051
37.822488 -122.321939
37.822504 -122.321828
37.822519 -122.321716
37.822534 -122.321604
37.822550 -122.321492
37.822566 -122.321380
37.822581 -122.321268
37.822597 -122.321156
37.822613 -122.321045
37.822629 -122.320933
37.822645 -122.320821
37.822662 -122.320710
37.822678 -122.320598
37.822694 -122.320486
37.822711 -122.320375
37.822728 -122.320263
37.822744 -122.320151
37.822761 -122.320040
37.822778 -122.319928
37.822795 -122.319817
37.822813 -122.319705
37.822830 -122.319594
37.822847 -122.319482
37.822865 -122.319371
37.822882 -122.319259
37.822900 -122.319148
37.822918 -122.319037
37.822935 -122.318925
37.822953 -122.318814
37.822971 -122.318703
37.822989 -122.318591
37.823008 -122.318480
37.823026 -122.318369
37.823044 -122.318257
37.823063 -122.318146
37.823081 -122.318035
37.823100 -122.317924
37.823118 -122.317813
37.823137 -122.317701
37.823156 -122.317590
37.823175 -122.317479
37.823194 -122.317368
37.823213 -122.317257
37.823232 -122.317146
37.823252 -122.317035
37.823271 -122.316924
37.823290 -122.316813
37.823309 -122.316702
37.823329 -122.316591
37.823348 -122.316479
37.823367 -122.316368
37.823386 -122.316257
37.823406 -122.316146
37.823425 -122.316035
37.823444 -122.315924
37.823463 -122.315813
37.823482 -122.315702
37.823501 -122.315591
37.823520 -122.315480
37.823539 -122.315369
37.823558 -122.315258
37.823577 -122.315146
37.823595 -122.315035
37.823614 -122.314924
37.823632 -122.314813
37.823651 -122.314702
37.823669 -122.314590
37.823687 -122.314479
37.823705 -122.314368
37.823723 -122.314256
37.823741 -122.314145
37.823759 -122.314034
37.823777 -122.313922
37.823795 -122.313811
37.823813 -122.313700
37.823830 -122.313588
37.823848 -122.313477
37.823865 -122.313365
37.823883 -122.313254
37.823900 -122.313143
37.823918 -122.313031
37.823935 -122.312920
37.823952 -122.312808
37.823969 -122.312697
37.823986 -122.312585
37.824003 -122.312473
37.824020 -122.312362
37.824037 -122.312250
37.824054 -122.312139
37.824071 -122.312027
37.824087 -122.311916
37.824104 -122.311804
37.824121 -122.311692
37.824138 -122.311581
37.824154 -122.311469
37.824171 -122.311358
37.824188 -122.311246
37.824205 -122.311134
37.824221 -122.311023
37.824238 -122.310911
37.824255 -122.310800
37.824272 -122.310688
37.824289 -122.310576
37.824306 -122.310465
37.824322 -122.310353
37.824340 -122.310242
37.824357 -122.310130
37.824374 -122.310019
37.824391 -122.309907
37.824408 -122.309796
37.824426 -122.309685
37.824443 -122.309573
37.824461 -122.309462
37.824479 -122.309351
37.824496 -122.309239
37.824514 -122.309128
37.824532 -122.309017
37.824550 -122.308906
37.824568 -122.308795
37.824586 -122.308684
37.824604 -122.308572
37.824623 -122.308461
37.824641 -122.308350
37.824659 -122.308239
37.824677 -122.308128
37.824696 -122.308017
37.824714 -122.307906
37.824733 -122.307795
37.824752 -122.307684
37.824770 -122.307573
37.824789 -122.307462
37.824808 -122.307351
37.824826 -122.307241
37.824845 -122.307130
37.824864 -122.307019
37.824883 -122.306908
37.824902 -122.306797
37.824921 -122.306686
37.824940 -122.306575
37.824960 -122.306465
37.824979 -122.306354
37.824998 -122.306243
37.825017 -122.306132
37.825037 -122.306022
37.825056 -122.305911
37.825076 -122.305800
37.825095 -122.305689
37.825115 -122.305579
37.825134 -122.305468
37.825154 -122.305357
37.825174 -122.305247
37.825193 -122.305136
37.825213 -122.305026
37.825233 -122.304915
37.825253 -122.304804
37.825273 -122.304694
37.825294 -122.304583
37.825314 -122.304473
37.825334 -122.304362
37.825355 -122.304252
37.825376 -122.304142
37.825396 -122.304031
37.825417 -122.303921
37.825438 -122.303811
37.825460 -122.303700
37.825481 -122.303590
37.825502 -122.303480
37.825524 -122.303370
37.825545 -122.303260
37.825567 -122.303150
37.825589 -122.303039
37.825611 -122.302929
37.825633 -122.302819
37.825655 -122.302709
37.825678 -122.302599
37.825700 -122.302490
37.825723 -122.302380
37.825746 -122.302270
37.825769 -122.302160
37.825792 -122.302050
37.825815 -122.301940
37.825838 -122.301831
37.825862 -122.301721
37.825885 -122.301611
37.825909 -122.301502
37.825933 -122.301392
37.825957 -122.301283
37.825981 -122.301173
37.826005 -122.301064
37.826030 -122.300955
37.826055 -122.300846
37.826080 -122.300737
37.826106 -122.300628
37.826131 -122.300519
37.826158 -122.300411
37.826184 -122.300302
37.826211 -122.300194
37.826238 -122.300086
37.826266 -122.299979
37.826294 -122.299872
37.826323 -122.299765
37.826352 -122.299659
37.826381 -122.299553
37.826411 -122.299447
37.826442 -122.299342
37.826473 -122.299237
37.826504 -122.299132
37.826536 -122.299029
37.826569 -122.298925
37.826602 -122.298823
37.826635 -122.298721
37.826669 -122.298619
37.826704 -122.298518
37.826739 -122.298418
37.826774 -122.298319
37.826811 -122.298220
37.826848 -122.298122
37.826885 -122.298025
37.826923 -122.297929
37.826962 -122.297833
37.827001 -122.297739
37.827041 -122.297645
37.827081 -122.297552
37.827122 -122.297460
37.827164 -122.297369
37.827206 -122.297279
37.827249 -122.297189
37.827293 -122.297101
37.827337 -122.297014
37.827382 -122.296927
37.827428 -122.296842
37.827474 -122.296757
37.827521 -122.296673
37.827568 -122.296591
37.827617 -122.296509
37.827665 -122.296428
37.827715 -122.296348
37.827765 -122.296268
37.827816 -122.296190
37.827867 -122.296113
37.827919 -122.296037
37.827972 -122.295962
37.828025 -122.295889
37.828079 -122.295816
37.828134 -122.295745
37.828189 -122.295674
37.828245 -122.295605
37.828301 -122.295537
37.828358 -122.295471
37.828416 -122.295405
37.828475 -122.295341
37.828534 -122.295279
37.828593 -122.295217
37.828654 -122.295157
37.828715 -122.295099
37.828776 -122.295041
37.828839 -122.294986
37.828901 -122.294931
37.828965 -122.294878
37.829029 -122.294827
37.829093 -122.294777
37.829158 -122.294729
37.829224 -122.294682
37.829290 -122.294637
37.829357 -122.294593
37.829425 -122.294551
37.829493 -122.294510
37.829561 -122.294470
37.829631 -122.294433
37.829700 -122.294397
37.829771 -122.294362
37.829842 -122.294329
37.829913 -122.294297
37.829985 -122.294267
37.830058 -122.294239
37.830131 -122.294212
37.830205 -122.294187
37.830279 -122.294163
37.830354 -122.294141
37.830430 -122.294120
37.830506 -122.294101
37.830582 -122.294084
37.830659 -122.294068
37.830737 -122.294053
37.830815 -122.294041
37.830894 -122.294029
37.830973 -122.294020
37.831053 -122.294012
37.831133 -122.294005
37.831214 -122.294000
37.831295 -122.293997
37.831376 -122.293995
37.831458 -122.293994
37.831540 -122.293995
37.831623 -122.293998
37.831705 -122.294002
37.831788 -122.294007
37.831871 -122.294014
37.831955 -122.294022
37.832038 -122.294031
37.832122 -122.294042
37.832205 -122.294054
37.832289 -122.294067
37.832373 -122.294081
37.832457 -122.294097
37.832542 -122.294113
37.832626 -122.294131
37.832710 -122.294149
37.832795 -122.294169
37.832879 -122.294189
37.832964 -122.294211
37.833048 -122.294233
37.833133 -122.294256
37.833217 -122.294280
37.833302 -122.294304
37.833386 -122.294329
37.833471 -122.294355
37.833556 -122.294382
37.833640 -122.294409
37.833725 -122.294436
37.833810 -122.294464
37.833894 -122.294492
37.833979 -122.294521
37.834063 -122.294550
37.834148 -122.294579
37.834233 -122.294609
37.834317 -122.294639
37.834402 -122.294670
37.834487 -122.294701
37.834571 -122.294732
37.834656 -122.294763
37.834741 -122.294795
37.834825 -122.294827
37.834910 -122.294859
37.834995 -122.294892
37.835079 -122.294925
37.835164 -122.294958
37.835249 -122.294992
37.835333 -122.295026
37.835418 -122.295060
37.835503 -122.295095
37.835587 -122.295129
37.835672 -122.295164
37.835757 -122.295199
37.835841 -122.295233
37.835926 -122.295268
37.836011 -122.295303
37.836095 -122.295338
37.836180 -122.295374
37.836264 -122.295409
37.836349 -122.295444
37.836434 -122.295479
37.836518 -122.295514
37.836603 -122.295549
37.836688 -122.295583
37.836772 -122.295618
37.836857 -122.295652
37.836942 -122.295687
37.837027 -122.295721
37.837111 -122.295755
37.837196 -122.295789
37.837281 -122.295822
37.837366 -122.295855
37.837451 -122.295888
37.837536 -122.295921
37.837621 -122.295954
37.837707 -122.295986
37.837792 -122.296018
37.837877 -122.296050
37.837962 -122.296082
37.838048 -122.296113
37.838133 -122.296144
37.838219 -122.296175
37.838305 -122.296206
37.838390 -122.296236
37.838476 -122.296266
37.838562 -122.296296
37.838648 -122.296325
37.838734 -122.296355
37.838820 -122.296384
37.838906 -122.296412
37.838992 -122.296441
37.839078 -122.296469
37.839165 -122.296496
37.839251 -122.296524
37.839337 -122.296551
37.839424 -122.296578
37.839511 -122.296604
37.839597 -122.296631
37.839684 -122.296656
37.839771 -122.296682
37.839858 -122.296707
37.839945 -122.296732
37.840032 -122.296757
37.840120 -122.296781
37.840207 -122.296805
37.840294 -122.296828
37.840382 -122.296852
37.840469 -122.296875
37.840557 -122.296897
37.840645 -122.296919
37.840733 -122.296941
37.840821 -122.296963
37.840909 -122.296985
37.840997 -122.297006
37.841085 -122.297027
37.841173 -122.297047
37.841261 -122.297067
37.841350 -122.297088
37.841438 -122.297107
37.841526 -122.297127
37.841615 -122.297147
37.841703 -122.297166
37.841792 -122.297185
37.841880 -122.297204
37.841969 -122.297223
37.842057 -122.297242
37.842146 -122.297260
37.842235 -122.297279
37.842323 -122.297297
37.842412 -122.297316
37.842500 -122.297334
37.842589 -122.297353
37.842678 -122.297371
37.842766 -122.297390
37.842855 -122.297408
37.842943 -122.297427
37.843032 -122.297445
37.843121 -122.297464
37.843209 -122.297483
37.843298 -122.297501
37.843386 -122.297520
37.843475 -122.297539
37.843564 -122.297557
37.843652 -122.297576
37.843741 -122.297595
37.843829 -122.297614
37.843918 -122.297633
37.844006 -122.297652
37.844095 -122.297671
37.844183 -122.297690
37.844272 -122.297709
37.844360 -122.297729
37.844449 -122.297748
37.844537 -122.297767
37.844626 -122.297787
37.844714 -122.297806
37.844803 -122.297826
37.844891 -122.297845
37.844980 -122.297865
37.845068 -122.297884
37.845157 -122.297904
37.845245 -122.297924
37.845334 -122.297943
37.845422 -122.297963
37.845510 -122.297983
37.845599 -122.298003
37.845687 -122.298023
37.845776 -122.298043
37.845864 -122.298063
37.845953 -122.298083
37.846041 -122.298103
37.846129 -122.298123
37.846218 -122.298143
37.846306 -122.298163
37.846395 -122.298183
37.846483 -122.298203
37.846571 -122.298223
37.846660 -122.298243
37.846748 -122.298263
37.846837 -122.298284
37.846925 -122.298304
37.847013 -122.298324
37.847102 -122.298344
37.847190 -122.298364
37.847278 -122.298384
37.847367 -122.298405
37.847455 -122.298425
37.847544 -122.298445
37.847632 -122.298465
37.847720 -122.298485
37.847809 -122.298506
37.847897 -122.298526
37.847985 -122.298547
37.848074 -122.298567
37.848162 -122.298588
37.848250 -122.298608
37.848339 -122.298629
37.848427 -122.298650
37.848515 -122.298670
37.848604 -122.298691
37.848692 -122.298712
37.848780 -122.298733
37.848868 -122.298754
37.848957 -122.298775
37.849045 -122.298796
37.849133 -122.298817
37.849221 -122.298838
37.849310 -122.298860
37.849398 -122.298881
37.849486 -122.298902
37.849574 -122.298923
37.849662 -122.298945
37.849751 -122.298966
37.849839 -122.298987
37.849927 -122.299009
37.850015 -122.299030
37.850103 -122.299052
37.850192 -122.299074
37.850280 -122.299095
37.850368 -122.299117
37.850456 -122.299139
37.850544 -122.299161
37.850632 -122.299183
37.850720 -122.299205
37.850808 -122.299227
37.850897 -122.299249
37.850985 -122.299271
37.851073 -122.299293
37.851161 -122.299315
37.851249 -122.299337
37.851337 -122.299360
37.851425 -122.299382
37.851513 -122.299404
37.851601 -122.299427
37.851689 -122.299449
37.851777 -122.299472
37.851865 -122.299494
37.851953 -122.299517
37.852041 -122.299539
37.852129 -122.299562
37.852217 -122.299585
37.852305 -122.299607
37.852393 -122.299630
37.852481 -122.299653
37.852569 -122.299676
37.852657 -122.299699
37.852745 -122.299722
37.852833 -122.299745
37.852921 -122.299768
37.853009 -122.299791
37.853097 -122.299814
37.853185 -122.299837
37.853273 -122.299860
37.853361 -122.299883
37.853449 -122.299906
37.853537 -122.299930
37.853625 -122.299953
37.853713 -122.299976
37.853800 -122.300000
37.853888 -122.300023
37.853976 -122.300047
37.854064 -122.300070
37.854152 -122.300094
37.854240 -122.300117
37.854328 -122.300141
37.854416 -122.300164
37.854503 -122.300188
37.854591 -122.300212
37.854679 -122.300235
37.854767 -122.300259
37.854855 -122.300283
37.854943 -122.300307
37.855031 -122.300330
37.855118 -122.300354
37.855206 -122.300378
37.855294 -122.300402
37.855382 -122.300426
37.855470 -122.300450
37.855558 -122.300474
37.855645 -122.300498
37.855733 -122.300522
37.855821 -122.300546
37.855909 -122.300570
37.855997 -122.300594
37.856084 -122.300618
37.856172 -122.300642
37.856260 -122.300666
37.856348 -122.300691
37.856435 -122.300715
37.856523 -122.300739
37.856611 -122.300764
37.856699 -122.300788
37.856786 -122.300812
37.856874 -122.300836
37.856962 -122.300861
37.857050 -122.300885
37.857137 -122.300909
37.857225 -122.300934
37.857313 -122.300958
37.857401 -122.300982
37.857488 -122.301007
37.857576 -122.301031
37.857664 -122.301055
37.857752 -122.301080
37.857840 -122.301104
37.857927 -122.301128
37.858015 -122.301153
37.858103 -122.301177
37.858191 -122.301201
37.858278 -122.301226
37.858366 -122.301250
37.858454 -122.301274
37.858542 -122.301299
37.858629 -122.301323
37.858717 -122.301347
37.858805 -122.301372
37.858893 -122.301396
37.858980 -122.301420
37.859068 -122.301445
37.859156 -122.301469
37.859244 -122.301493
37.859331 -122.301518
37.859419 -122.301542
37.859507 -122.301566
37.859595 -122.301591
37.859682 -122.301615
37.859770 -122.301639
37.859858 -122.301664
37.859946 -122.301688
37.860033 -122.301711
37.860121 -122.301735
37.860209 -122.301758
37.860297 -122.301781
37.860385 -122.301804
37.860473 -122.301827
37.860560 -122.301850
37.860648 -122.301883
37.860735 -122.301907
37.860823 -122.301931
37.860911 -122.301956
37.860999 -122.301980
37.861086 -122.302005
37.861174 -122.302029
37.861262 -122.302053
37.861350 -122.302078
37.861437 -122.302102
37.861525 -122.302126
37.861613 -122.302151
37.861701 -122.302175
37.861788 -122.302199
37.861876 -122.302224
37.861964 -122.302248
37.862052 -122.302272
37.862139 -122.302297
37.862227 -122.302321
37.862315 -122.302346
37.862403 -122.302370
37.862490 -122.302394
37.862578 -122.302419
37.862666 -122.302443
37.862754 -122.302467
37.862841 -122.302492
37.862929 -122.302516
37.863017 -122.302540
37.863105 -122.302565
37.863192 -122.302589
37.863280 -122.302614
37.863368 -122.302638
37.863456 -122.302662
37.863543 -122.302687
37.863631 -122.302711
37.863719 -122.302735
37.863807 -122.302760
37.863894 -122.302784
37.863982 -122.302808
37.864070 -122.302833
37.864158 -122.302857
37.864245 -122.302880
37.864335 -122.302874
37.864425 -122.302868
37.864515 -122.302862
37.864604 -122.302869
37.864693 -122.302881
37.864783 -122.302893
37.864872 -122.302905
37.864961 -122.302917