37.774990	-122.419490
37.775054	-122.419410
37.775117	-122.419330
37.775181	-122.419250
37.775245	-122.419170
37.775310	-122.419091
37.775374	-122.419011
37.775438	-122.418932
37.775502	-122.418852
37.775566	-122.418773
37.775630	-122.418693
37.775693	-122.418612
37.775757	-122.418532
37.775820	-122.418451
37.775883	-122.418371
37.775945	-122.418290
37.776007	-122.418209
37.776067	-122.418127
37.776123	-122.418046
37.776176	-122.417964
37.776222	-122.417882
37.776261	-122.417800
37.776291	-122.417717
37.776309	-122.417635
37.776316	-122.417552
37.776311	-122.417470
37.776295	-122.417389
37.776268	-122.417308
37.776232	-122.417227
37.776188	-122.417147
37.776138	-122.417067
37.776084	-122.416987
37.776026	-122.416907
37.775966	-122.416828
37.775905	-122.416748
37.775843	-122.416668
37.775780	-122.416587
37.775718	-122.416507
37.775655	-122.416426
37.775592	-122.416345
37.775529	-122.416264
37.775466	-122.416182
37.775403	-122.416101
37.775341	-122.416020
37.775278	-122.415939
37.775215	-122.415858
37.775152	-122.415776
37.775089	-122.415695
37.775026	-122.415614
37.774963	-122.415534
37.774900	-122.415453
37.774836	-122.415372
37.774773	-122.415291
37.774710	-122.415211
37.774646	-122.415131
37.774583	-122.415050
37.774519	-122.414970
37.774455	-122.414890
37.774391	-122.414811
37.774327	-122.414731
37.774263	-122.414651
37.774199	-122.414572
37.774135	-122.414492
37.774071	-122.414412
37.774006	-122.414333
37.773942	-122.414253
37.773878	-122.414174
37.773814	-122.414094
37.773750	-122.414014
37.773686	-122.413934
37.773622	-122.413854
37.773559	-122.413775
37.773495	-122.413695
37.773431	-122.413615
37.773367	-122.413535
37.773303	-122.413455
37.773239	-122.413375
37.773175	-122.413295
37.773112	-122.413215
37.773048	-122.413135
37.772984	-122.413055
37.772920	-122.412975
37.772857	-122.412895
37.772793	-122.412814
37.772729	-122.412734
37.772666	-122.412654
37.772602	-122.412573
37.772539	-122.412493
37.772476	-122.412412
37.772412	-122.412332
37.772349	-122.412251
37.772285	-122.412171
37.772222	-122.412090
37.772159	-122.412010
37.772095	-122.411929
37.772032	-122.411849
37.771968	-122.411769
37.771905	-122.411688
37.771841	-122.411608
37.771778	-122.411527
37.771714	-122.411447
37.771650	-122.411367
37.771586	-122.411287
37.771523	-122.411207
37.771458	-122.411128
37.771394	-122.411048
37.771330	-122.410968
37.771266	-122.410889
37.771202	-122.410809
37.771138	-122.410729
37.771074	-122.410649
37.771011	-122.410569
37.770947	-122.410489
37.770885	-122.410409
37.770823	-122.410328
37.770763	-122.410247
37.770707	-122.410166
37.770656	-122.410085
37.770612	-122.410004
37.770577	-122.409923
37.770555	-122.409842
37.770545	-122.409761
37.770550	-122.409679
37.770569	-122.409598
37.770600	-122.409517
37.770641	-122.409435
37.770691	-122.409354
37.770746	-122.409273
37.770804	-122.409192
37.770865	-122.409112
37.770928	-122.409031
37.770991	-122.408951
37.771054	-122.408870
37.771118	-122.408790
37.771182	-122.408710
37.771245	-122.408630
37.771309	-122.408550
37.771372	-122.408469
37.771436	-122.408389
37.771499	-122.408308
37.771562	-122.408228
37.771626	-122.408147
37.771689	-122.408066
37.771752	-122.407985
37.771815	-122.407905
37.771879	-122.407824
37.771942	-122.407743
37.772005	-122.407662
37.772068	-122.407582
37.772132	-122.407501
37.772195	-122.407421
37.772259	-122.407341
37.772323	-122.407261
37.772387	-122.407181
37.772450	-122.407102
37.772514	-122.407025
37.772579	-122.406951
37.772646	-122.406884
37.772715	-122.406824
37.772787	-122.406774
37.772862	-122.406733
37.772941	-122.406702
37.773022	-122.406679
37.773105	-122.406661
37.773190	-122.406648
37.773276	-122.406638
37.773363	-122.406628
37.773451	-122.406618
37.773539	-122.406606
37.773627	-122.406593
37.773715	-122.406576
37.773802	-122.406556
37.773889	-122.406534
37.773975	-122.406508
37.774061	-122.406478
37.774145	-122.406445
37.774229	-122.406409
37.774313	-122.406370
37.774395	-122.406328
37.774476	-122.406283
37.774556	-122.406235
37.774636	-122.406184
37.774714	-122.406131
37.774791	-122.406075
37.774868	-122.406018
37.774943	-122.405958
37.775017	-122.405896
37.775090	-122.405832
37.775163	-122.405766
37.775234	-122.405699
37.775303	-122.405630
37.775372	-122.405559
37.775440	-122.405487
37.775507	-122.405413
37.775572	-122.405338
37.775637	-122.405262
37.775701	-122.405185
37.775764	-122.405106
37.775826	-122.405027
37.775887	-122.404946
37.775948	-122.404865
37.776008	-122.404783
37.776068	-122.404700
37.776127	-122.404616
37.776185	-122.404531
37.776243	-122.404446
37.776301	-122.404360
37.776358	-122.404273
37.776414	-122.404186
37.776470	-122.404098
37.776525	-122.404009
37.776580	-122.403920
37.776634	-122.403830
37.776688	-122.403740
37.776742	-122.403649
37.776795	-122.403557
37.776847	-122.403465
37.776899	-122.403373
37.776951	-122.403280
37.777003	-122.403187
37.777054	-122.403094
37.777105	-122.403001
37.777156	-122.402907
37.777207	-122.402814
37.777257	-122.402720
37.777308	-122.402626
37.777358	-122.402532
37.777409	-122.402438
37.777459	-122.402344
37.777510	-122.402250
37.777561	-122.402157
37.777612	-122.402063
37.777663	-122.401970
37.777715	-122.401878
37.777766	-122.401785
37.777819	-122.401693
37.777871	-122.401601
37.777925	-122.401510
37.777978	-122.401420
37.778033	-122.401330
37.778088	-122.401240
37.778143	-122.401152
37.778199	-122.401064
37.778256	-122.400976
37.778314	-122.400890
37.778372	-122.400804
37.778431	-122.400719
37.778490	-122.400634
37.778550	-122.400550
37.778611	-122.400467
37.778672	-122.400385
37.778734	-122.400303
37.778797	-122.400222
37.778859	-122.400141
37.778923	-122.400061
37.778986	-122.399981
37.779050	-122.399901
37.779114	-122.399822
37.779179	-122.399743
37.779244	-122.399665
37.779309	-122.399586
37.779374	-122.399508
37.779439	-122.399430
37.779504	-122.399353
37.779570	-122.399275
37.779635	-122.399197
37.779701	-122.399120
37.779766	-122.399042
37.779832	-122.398965
37.779898	-122.398888
37.779963	-122.398811
37.780029	-122.398733
37.780095	-122.398656
37.780160	-122.398579
37.780226	-122.398501
37.780292	-122.398424
37.780358	-122.398347
37.780423	-122.398270
37.780489	-122.398193
37.780555	-122.398115
37.780621	-122.398038
37.780687	-122.397961
37.780753	-122.397884
37.780819	-122.397807
37.780885	-122.397730
37.780951	-122.397653
37.781017	-122.397576
37.781083	-122.397499
37.781149	-122.397423
37.781215	-122.397346
37.781282	-122.397269
37.781348	-122.397193
37.781414	-122.397116
37.781481	-122.397039
37.781547	-122.396963
37.781613	-122.396886
37.781680	-122.396810
37.781746	-122.396733
37.781813	-122.396657
37.781879	-122.396580
37.781945	-122.396503
37.782011	-122.396427
37.782078	-122.396350
37.782144	-122.396273
37.782210	-122.396196
37.782276	-122.396119
37.782341	-122.396041
37.782407	-122.395964
37.782473	-122.395886
37.782538	-122.395808
37.782603	-122.395730
37.782668	-122.395652
37.782734	-122.395574
37.782798	-122.395495
37.782863	-122.395417
37.782928	-122.395338
37.782993	-122.395259
37.783057	-122.395180
37.783121	-122.395101
37.783186	-122.395021
37.783250	-122.394942
37.783314	-122.394862
37.783378	-122.394782
37.783441	-122.394702
37.783505	-122.394622
37.783568	-122.394542
37.783632	-122.394461
37.783695	-122.394381
37.783758	-122.394300
37.783820	-122.394218
37.783883	-122.394137
37.783945	-122.394055
37.784007	-122.393973
37.784068	-122.393890
37.784129	-122.393808
37.784190	-122.393724
37.784251	-122.393641
37.784311	-122.393556
37.784370	-122.393472
37.784430	-122.393387
37.784488	-122.393301
37.784547	-122.393215
37.784605	-122.393129
37.784662	-122.393042
37.784720	-122.392955
37.784777	-122.392867
37.784833	-122.392779
37.784890	-122.392691
37.784946	-122.392603
37.785002	-122.392514
37.785057	-122.392425
37.785113	-122.392336
37.785168	-122.392247
37.785224	-122.392158
37.785279	-122.392069
37.785335	-122.391980
37.785391	-122.391892
37.785447	-122.391803
37.785503	-122.391715
37.785560	-122.391628
37.785617	-122.391540
37.785674	-122.391454
37.785732	-122.391368
37.785791	-122.391282
37.785850	-122.391197
37.785909	-122.391113
37.785969	-122.391030
37.786030	-122.390947
37.786092	-122.390865
37.786154	-122.390784
37.786216	-122.390703
37.786280	-122.390624
37.786344	-122.390544
37.786408	-122.390466
37.786473	-122.390388
37.786538	-122.390311
37.786604	-122.390234
37.786670	-122.390158
37.786737	-122.390082
37.786804	-122.390007
37.786871	-122.389932
37.786938	-122.389857
37.787006	-122.389783
37.787074	-122.389708
37.787142	-122.389634
37.787210	-122.389561
37.787279	-122.389487
37.787347	-122.389414
37.787416	-122.389340
37.787484	-122.389267
37.787553	-122.389194
37.787622	-122.389121
37.787690	-122.389048
37.787759	-122.388975
37.787828	-122.388902
37.787897	-122.388829
37.787965	-122.388757
37.788034	-122.388684
37.788103	-122.388611
37.788172	-122.388539
37.788241	-122.388466
37.788310	-122.388394
37.788379	-122.388321
37.788448	-122.388249
37.788517	-122.388176
37.788586	-122.388104
37.788655	-122.388032
37.788724	-122.387959
37.788793	-122.387887
37.788862	-122.387815
37.788931	-122.387742
37.789001	-122.387670
37.789070	-122.387598
37.789139	-122.387525
37.789208	-122.387453
37.789278	-122.387381
37.789347	-122.387309
37.789416	-122.387236
37.789485	-122.387164
37.789555	-122.387092
37.789624	-122.387020
37.789693	-122.386947
37.789762	-122.386875
37.789832	-122.386802
37.789901	-122.386730
37.789970	-122.386657
37.790039	-122.386585
37.790108	-122.386512
37.790177	-122.386439
37.790246	-122.386367
37.790315	-122.386294
37.790384	-122.386220
37.790452	-122.386147
37.790521	-122.386074
37.790589	-122.386000
37.790658	-122.385927
37.790726	-122.385853
37.790794	-122.385779
37.790862	-122.385705
37.790931	-122.385631
37.790999	-122.385557
37.791066	-122.385482
37.791134	-122.385408
37.791202	-122.385333
37.791270	-122.385259
37.791338	-122.385184
37.791405	-122.385109
37.791473	-122.385034
37.791540	-122.384959
37.791608	-122.384885
37.791675	-122.384810
37.791743	-122.384735
37.791810	-122.384659
37.791878	-122.384584
37.791945	-122.384509
37.792013	-122.384434
37.792080	-122.384359
37.792148	-122.384285
37.792215	-122.384210
37.792283	-122.384135
37.792351	-122.384060
37.792418	-122.383986
37.792486	-122.383911
37.792554	-122.383837
37.792622	-122.383763
37.792691	-122.383689
37.792759	-122.383615
37.792827	-122.383542
37.792896	-122.383468
37.792964	-122.383395
37.793033	-122.383321
37.793102	-122.383248
37.793170	-122.383175
37.793239	-122.383102
37.793308	-122.383029
37.793377	-122.382956
37.793446	-122.382883
37.793515	-122.382810
37.793584	-122.382737
37.793653	-122.382665
37.793722	-122.382592
37.793791	-122.382519
37.793860	-122.382446
37.793929	-122.382374
37.793998	-122.382301
37.794067	-122.382228
37.794136	-122.382155
37.794205	-122.382082
37.794273	-122.382009
37.794342	-122.381936
37.794411	-122.381862
37.794480	-122.381789
37.794548	-122.381716
37.794617	-122.381642
37.794685	-122.381569
37.794754	-122.381495
37.794822	-122.381421
37.794891	-122.381347
37.794959	-122.381273
37.795028	-122.381199
37.795097	-122.381125
37.795166	-122.381050
37.795235	-122.380976
37.795304	-122.380900
37.795374	-122.380825
37.795444	-122.380750
37.795515	-122.380674
37.795586	-122.380598
37.795657	-122.380521
37.795729	-122.380444
37.795801	-122.380368
37.795874	-122.380291
37.795947	-122.380213
37.796019	-122.380136
37.796092	-122.380059
37.796165	-122.379982
37.796238	-122.379905
37.796310	-122.379829
37.796382	-122.379752
37.796453	-122.379677
37.796524	-122.379601
37.796594	-122.379527
37.796664	-122.379454
37.796733	-122.379381
37.796802	-122.379308
37.796871	-122.379236
37.796941	-122.379163
37.797010	-122.379091
37.797079	-122.379018
37.797148	-122.378945
37.797217	-122.378873
37.797286	-122.378800
37.797355	-122.378727
37.797424	-122.378654
37.797493	-122.378581
37.797562	-122.378508
37.797631	-122.378435
37.797699	-122.378362
37.797768	-122.378289
37.797837	-122.378216
37.797906	-122.378143
37.797975	-122.378070
37.798043	-122.377997
37.798112	-122.377923
37.798181	-122.377850
37.798249	-122.377777
37.798318	-122.377703
37.798386	-122.377630
37.798455	-122.377557
37.798524	-122.377483
37.798592	-122.377410
37.798660	-122.377336
37.798729	-122.377262
37.798797	-122.377189
37.798866	-122.377115
37.798934	-122.377041
37.799002	-122.376967
37.799070	-122.376893
37.799138	-122.376819
37.799206	-122.376744
37.799274	-122.376670
37.799342	-122.376596
37.799410	-122.376521
37.799478	-122.376447
37.799546	-122.376373
37.799614	-122.376298
37.799682	-122.376224
37.799750	-122.376150
37.799818	-122.376075
37.799886	-122.376001
37.799954	-122.375927
37.800022	-122.375852
37.800090	-122.375778
37.800158	-122.375704
37.800226	-122.375629
37.800294	-122.375555
37.800361	-122.375480
37.800429	-122.375406
37.800497	-122.375331
37.800565	-122.375257
37.800633	-122.375182
37.800700	-122.375107
37.800768	-122.375033
37.800836	-122.374958
37.800903	-122.374883
37.800971	-122.374808
37.801039	-122.374734
37.801106	-122.374659
37.801174	-122.374584
37.801242	-122.374509
37.801310	-122.374435
37.801377	-122.374360
37.801445	-122.374286
37.801513	-122.374211
37.801581	-122.374137
37.801649	-122.374062
37.801717	-122.373988
37.801785	-122.373914
37.801853	-122.373840
37.801921	-122.373765
37.801989	-122.373691
37.802057	-122.373617
37.802126	-122.373543
37.802194	-122.373470
37.802262	-122.373396
37.802331	-122.373322
37.802399	-122.373248
37.802467	-122.373175
37.802536	-122.373101
37.802605	-122.373028
37.802673	-122.372955
37.802742	-122.372881
37.802811	-122.372808
37.802879	-122.372735
37.802948	-122.372662
37.803017	-122.372589
37.803086	-122.372516
37.803155	-122.372443
37.803223	-122.372370
37.803292	-122.372297
37.803361	-122.372224
37.803430	-122.372151
37.803499	-122.372078
37.803568	-122.372005
37.803637	-122.371932
37.803706	-122.371859
37.803775	-122.371786
37.803844	-122.371713
37.803913	-122.371640
37.803982	-122.371568
37.804051	-122.371495
37.804119	-122.371422
37.804188	-122.371349
37.804257	-122.371276
37.804326	-122.371203
37.804395	-122.371130
37.804464	-122.371057
37.804533	-122.370984
37.804602	-122.370911
37.804671	-122.370838
37.804739	-122.370765
37.804808	-122.370692
37.804877	-122.370619
37.804946	-122.370546
37.805015	-122.370472
37.805083	-122.370399
37.805152	-122.370326
37.805221	-122.370253
37.805290	-122.370180
37.805358	-122.370106
37.805427	-122.370033
37.805496	-122.369960
37.805564	-122.369887
37.805633	-122.369813
37.805702	-122.369740
37.805770	-122.369667
37.805839	-122.369593
37.805907	-122.369520
37.805976	-122.369446
37.806044	-122.369373
37.806113	-122.369300
37.806181	-122.369226
37.806249	-122.369153
37.806318	-122.369079
37.806386	-122.369006
37.806454	-122.368932
37.806522	-122.368859
37.806590	-122.368786
37.806658	-122.368713
37.806726	-122.368639
37.806794	-122.368566
37.806861	-122.368493
37.806929	-122.368421
37.806996	-122.368348
37.807064	-122.368276
37.807131	-122.368203
37.807198	-122.368131
37.807265	-122.368059
37.807332	-122.367988
37.807399	-122.367916
37.807465	-122.367845
37.807532	-122.367774
37.807599	-122.367703
37.807666	-122.367632
37.807732	-122.367562
37.807799	-122.367492
37.807866	-122.367422
37.807933	-122.367352
37.808000	-122.367282
37.808067	-122.367212
37.808134	-122.367143
37.808202	-122.367073
37.808269	-122.367003
37.808337	-122.366934
37.808405	-122.366864
37.808473	-122.366794
37.808541	-122.366724
37.808609	-122.366653
37.808677	-122.366583
37.808746	-122.366512
37.808814	-122.366441
37.808882	-122.366370
37.808951	-122.366298
37.809019	-122.366226
37.809087	-122.366154
37.809155	-122.366082
37.809224	-122.366009
37.809292	-122.365936
37.809360	-122.365863
37.809428	-122.365789
37.809496	-122.365715
37.809563	-122.365642
37.809631	-122.365567
37.809699	-122.365493
37.809767	-122.365419
37.809834	-122.365344
37.809902	-122.365270
37.809970	-122.365196
37.810037	-122.365121
37.810105	-122.365047
37.810173	-122.364972
37.810241	-122.364898
37.810309	-122.364824
37.810377	-122.364751
37.810445	-122.364677
37.810514	-122.364604
37.810582	-122.364531
37.810651	-122.364458
37.810720	-122.364385
37.810789	-122.364313
37.810859	-122.364241
37.810928	-122.364169
37.810997	-122.364097
37.811067	-122.364025
37.811137	-122.363954
37.811206	-122.363883
37.811276	-122.363811
37.811346	-122.363740
37.811416	-122.363669
37.811485	-122.363597
37.811555	-122.363526
37.811624	-122.363454
37.811694	-122.363382
37.811763	-122.363310
37.811832	-122.363238
37.811901	-122.363165
37.811969	-122.363092
37.812037	-122.363018
37.812105	-122.362944
37.812172	-122.362870
37.812239	-122.362795
37.812306	-122.362719
37.812372	-122.362643
37.812438	-122.362566
37.812503	-122.362489
37.812568	-122.362411
37.812633	-122.362333
37.812697	-122.362253
37.812760	-122.362174
37.812823	-122.362093
37.812886	-122.362012
37.812948	-122.361931
37.813010	-122.361849
37.813071	-122.361766
37.813131	-122.361683
37.813191	-122.361599
37.813251	-122.361514
37.813310	-122.361429
37.813369	-122.361344
37.813427	-122.361258
37.813485	-122.361171
37.813543	-122.361084
37.813600	-122.360997
37.813656	-122.360909
37.813713	-122.360821
37.813769	-122.360732
37.813824	-122.360643
37.813880	-122.360554
37.813935	-122.360464
37.813990	-122.360374
37.814044	-122.360284
37.814098	-122.360194
37.814152	-122.360103
37.814206	-122.360012
37.814260	-122.359921
37.814313	-122.359830
37.814367	-122.359738
37.814420	-122.359647
37.814473	-122.359555
37.814526	-122.359463
37.814579	-122.359371
37.814632	-122.359280
37.814685	-122.359188
37.814737	-122.359095
37.814790	-122.359003
37.814843	-122.358911
37.814895	-122.358819
37.814948	-122.358727
37.815000	-122.358635
37.815053	-122.358542
37.815105	-122.358450
37.815158	-122.358358
37.815210	-122.358266
37.815263	-122.358173
37.815315	-122.358081
37.815368	-122.357989
37.815420	-122.357896
37.815473	-122.357804
37.815525	-122.357712
37.815577	-122.357619
37.815630	-122.357527
37.815682	-122.357435
37.815735	-122.357342
37.815787	-122.357250
37.815839	-122.357158
37.815892	-122.357065
37.815944	-122.356973
37.815996	-122.356880
37.816049	-122.356788
37.816101	-122.356695
37.816153	-122.356603
37.816205	-122.356510
37.816257	-122.356417
37.816309	-122.356325
37.816361	-122.356232
37.816413	-122.356139
37.816465	-122.356046
37.816516	-122.355953
37.816568	-122.355860
37.816619	-122.355767
37.816671	-122.355674
37.816722	-122.355580
37.816773	-122.355487
37.816823	-122.355393
37.816874	-122.355299
37.816924	-122.355205
37.816974	-122.355111
37.817024	-122.355016
37.817073	-122.354922
37.817123	-122.354827
37.817171	-122.354732
37.817220	-122.354636
37.817268	-122.354540
37.817315	-122.354444
37.817362	-122.354348
37.817409	-122.354251
37.817455	-122.354154
37.817501	-122.354056
37.817546	-122.353958
37.817590	-122.353860
37.817634	-122.353761
37.817677	-122.353662
37.817720	-122.353563
37.817762	-122.353463
37.817803	-122.353362
37.817844	-122.353262
37.817884	-122.353160
37.817923	-122.353059
37.817961	-122.352957
37.817999	-122.352854
37.818036	-122.352751
37.818073	-122.352648
37.818109	-122.352544
37.818144	-122.352440
37.818178	-122.352336
37.818211	-122.352231
37.818244	-122.352126
37.818276	-122.352020
37.818307	-122.351914
37.818338	-122.351808
37.818368	-122.351701
37.818397	-122.351594
37.818425	-122.351487
37.818453	-122.351379
37.818480	-122.351271
37.818506	-122.351163
37.818532	-122.351054
37.818557	-122.350946
37.818581	-122.350837
37.818605	-122.350727
37.818628	-122.350618
37.818651	-122.350508
37.818673	-122.350398
37.818694	-122.350288
37.818715	-122.350178
37.818736	-122.350067
37.818756	-122.349957
37.818776	-122.349846
37.818795	-122.349735
37.818814	-122.349624
37.818833	-122.349513
37.818851	-122.349402
37.818869	-122.349290
37.818887	-122.349179
37.818905	-122.349068
37.818922	-122.348956
37.818939	-122.348845
37.818956	-122.348733
37.818973	-122.348621
37.818990	-122.348510
37.819007	-122.348398
37.819023	-122.348286
37.819040	-122.348174
37.819056	-122.348063
37.819073	-122.347951
37.819089	-122.347839
37.819105	-122.347727
37.819122	-122.347615
37.819138	-122.347504
37.819154	-122.347392
37.819170	-122.347280
37.819187	-122.347168
37.819203	-122.347056
37.819219	-122.346944
37.819235	-122.346833
37.819251	-122.346721
37.819268	-122.346609
37.819284	-122.346497
37.819300	-122.346385
37.819317	-122.346273
37.819333	-122.346162
37.819349	-122.346050
37.819365	-122.345938
37.819382	-122.345826
37.819398	-122.345714
37.819414	-122.345602
37.819431	-122.345491
37.819447	-122.345379
37.819463	-122.345267
37.819480	-122.345155
37.819496	-122.345043
37.819512	-122.344931
37.819529	-122.344820
37.819545	-122.344708
37.819561	-122.344596
37.819578	-122.344484
37.819594	-122.344372
37.819610	-122.344260
37.819627	-122.344149
37.819643	-122.344037
37.819660	-122.343925
37.819676	-122.343813
37.819692	-122.343701
37.819709	-122.343590
37.819725	-122.343478
37.819742	-122.343366
37.819758	-122.343254
37.819775	-122.343142
37.819791	-122.343031
37.819808	-122.342919
37.819824	-122.342807
37.819841	-122.342695
37.819857	-122.342584
37.819874	-122.342472
37.819890	-122.342360
37.819907	-122.342248
37.819923	-122.342136
37.819940	-122.342025
37.819956	-122.341913
37.819973	-122.341801
37.819989	-122.341689
37.820005	-122.341577
37.820022	-122.341466
37.820038	-122.341354
37.820055	-122.341242
37.820071	-122.341130
37.820088	-122.341018
37.820104	-122.340907
37.820120	-122.340795
37.820137	-122.340683
37.820153	-122.340571
37.820170	-122.340459
37.820186	-122.340348
37.820202	-122.340236
37.820219	-122.340124
37.820235	-122.340012
37.820251	-122.339900
37.820268	-122.339788
37.820284	-122.339677
37.820300	-122.339565
37.820317	-122.339453
37.820333	-122.339341
37.820349	-122.339229
37.820366	-122.339117
37.820382	-122.339006
37.820398	-122.338894
37.820415	-122.338782
37.820431	-122.338670
37.820447	-122.338558
37.820464	-122.338447
37.820480	-122.338335
37.820496	-122.338223
37.820513	-122.338111
37.820529	-122.337999
37.820545	-122.337887
37.820562	-122.337776
37.820578	-122.337664
37.820594	-122.337552
37.820611	-122.337440
37.820627	-122.337328
37.820644	-122.337217
37.820660	-122.337105
37.820677	-122.336993
37.820693	-122.336881
37.820710	-122.336769
37.820726	-122.336658
37.820743	-122.336546
37.820759	-122.336434
37.820776	-122.336322
37.820792	-122.336210
37.820809	-122.336099
37.820825	-122.335987
37.820842	-122.335875
37.820858	-122.335763
37.820875	-122.335652
37.820891	-122.335540
37.820908	-122.335428
37.820924	-122.335316
37.820941	-122.335204
37.820957	-122.335093
37.820974	-122.334981
37.820990	-122.334869
37.821007	-122.334757
37.821023	-122.334645
37.821040	-122.334534
37.821056	-122.334422
37.821072	-122.334310
37.821089	-122.334198
37.821105	-122.334086
37.821121	-122.333975
37.821137	-122.333863
37.821153	-122.333751
37.821169	-122.333639
37.821185	-122.333527
37.821201	-122.333415
37.821217	-122.333303
37.821232	-122.333191
37.821248	-122.333079
37.821263	-122.332967
37.821279	-122.332855
37.821294	-122.332743
37.821310	-122.332631
37.821325	-122.332519
37.821340	-122.332407
37.821355	-122.332295
37.821369	-122.332182
37.821384	-122.332070
37.821399	-122.331958
37.821414	-122.331846
37.821429	-122.331734
37.821444	-122.331622
37.821459	-122.331510
37.821473	-122.331397
37.821486	-122.331285
37.821499	-122.331172
37.821512	-122.331060
37.821524	-122.330947
37.821537	-122.330834
37.821549	-122.330722
37.821561	-122.330609
37.821574	-122.330496
37.821586	-122.330384
37.821598	-122.330271
37.821609	-122.330158
37.821621	-122.330046
37.821633	-122.329933
37.821644	-122.329820
37.821655	-122.329707
37.821666	-122.329594
37.821677	-122.329482
37.821688	-122.329369
37.821699	-122.329256
37.821709	-122.329143
37.821719	-122.329030
37.821729	-122.328917
37.821739	-122.328804
37.821749	-122.328691
37.821758	-122.328578
37.821768	-122.328465
37.821777	-122.328352
37.821787	-122.328238
37.821797	-122.328125
37.821806	-122.328012
37.821816	-122.327899
37.821826	-122.327786
37.821836	-122.327673
37.821845	-122.327560
37.821855	-122.327447
37.821865	-122.327334
37.821875	-122.327221
37.821884	-122.327108
37.821894	-122.326995
37.821904	-122.326882
37.821914	-122.326769
37.821923	-122.326656
37.821933	-122.326543
37.821943	-122.326430
37.821952	-122.326317
37.821962	-122.326204
37.821972	-122.326090
37.821981	-122.325977
37.821991	-122.325864
37.822001	-122.325751
37.822010	-122.325638
37.822020	-122.325525
37.822030	-122.325412
37.822039	-122.325299
37.822049	-122.325186
37.822059	-122.325073
37.822068	-122.324960
37.822078	-122.324847
37.822088	-122.324734
37.822098	-122.324621
37.822108	-122.324508
37.822118	-122.324395
37.822128	-122.324282
37.822138	-122.324169
37.822149	-122.324056
37.822159	-122.323943
37.822170	-122.323830
37.822182	-122.323718
37.822193	-122.323605
37.822205	-122.323492
37.822217	-122.323380
37.822230	-122.323267
37.822243	-122.323155
37.822256	-122.323042
37.822270	-122.322930
37.822284	-122.322818
37.822298	-122.322706
37.822313	-122.322594
37.822329	-122.322482
37.822344	-122.322370
37.822360	-122.322258
37.822377	-122.322146
37.822393	-122.322035
37.822410	-122.321923
37.822428	-122.321811
37.822445	-122.321700
37.822463	-122.321589
37.822481	-122.321477
37.822499	-122.321366
37.822518	-122.321255
37.822536	-122.321143
37.822555	-122.321032
37.822574	-122.320921
37.822593	-122.320810
37.822612	-122.320699
37.822631	-122.320588
37.822650	-122.320476
37.822669	-122.320365
37.822688	-122.320254
37.822707	-122.320143
37.822727	-122.320032
37.822746	-122.319921
37.822765	-122.319810
37.822784	-122.319699
37.822803	-122.319588
37.822823	-122.319477
37.822842	-122.319366
37.822861	-122.319255
37.822880	-122.319143
37.822899	-122.319032
37.822919	-122.318921
37.822938	-122.318810
37.822957	-122.318699
37.822976	-122.318588
37.822995	-122.318477
37.823015	-122.318366
37.823034	-122.318255
37.823053	-122.318144
37.823073	-122.318033
37.823092	-122.317922
37.823111	-122.317811
37.823131	-122.317700
37.823150	-122.317589
37.823169	-122.317478
37.823189	-122.317367
37.823208	-122.317256
37.823228	-122.317145
37.823248	-122.317034
37.823267	-122.316923
37.823287	-122.316812
37.823307	-122.316701
37.823326	-122.316590
37.823346	-122.316479
37.823366	-122.316368
37.823386	-122.316257
37.823405	-122.316146
37.823425	-122.316035
37.823445	-122.315924
37.823465	-122.315813
37.823485	-122.315702
37.823505	-122.315591
37.823524	-122.315481
37.823544	-122.315370
37.823564	-122.315259
37.823584	-122.315148
37.823604	-122.315037
37.823623	-122.314926
37.823643	-122.314815
37.823663	-122.314704
37.823682	-122.314593
37.823702	-122.314482
37.823721	-122.314371
37.823741	-122.314260
37.823760	-122.314149
37.823779	-122.314038
37.823799	-122.313927
37.823818	-122.313816
37.823837	-122.313705
37.823856	-122.313594
37.823875	-122.313483
37.823894	-122.313372
37.823913	-122.313261
37.823932	-122.313150
37.823951	-122.313039
37.823970	-122.312927
37.823989	-122.312816
37.824008	-122.312705
37.824026	-122.312594
37.824045	-122.312483
37.824064	-122.312372
37.824082	-122.312260
37.824100	-122.312149
37.824119	-122.312038
37.824137	-122.311927
37.824155	-122.311815
37.824173	-122.311704
37.824190	-122.311593
37.824208	-122.311481
37.824225	-122.311370
37.824242	-122.311258
37.824259	-122.311147
37.824275	-122.311035
37.824292	-122.310923
37.824308	-122.310812
37.824324	-122.310700
37.824339	-122.310588
37.824354	-122.310476
37.824370	-122.310364
37.824384	-122.310252
37.824399	-122.310140
37.824413	-122.310028
37.824428	-122.309916
37.824442	-122.309804
37.824455	-122.309691
37.824469	-122.309579
37.824482	-122.309467
37.824496	-122.309354
37.824509	-122.309242
37.824522	-122.309129
37.824535	-122.309017
37.824548	-122.308904
37.824561	-122.308792
37.824573	-122.308680
37.824586	-122.308567
37.824599	-122.308455
37.824612	-122.308342
37.824625	-122.308230
37.824638	-122.308117
37.824651	-122.308005
37.824664	-122.307892
37.824678	-122.307780
37.824691	-122.307668
37.824705	-122.307555
37.824719	-122.307443
37.824733	-122.307331
37.824748	-122.307219
37.824763	-122.307107
37.824778	-122.306995
37.824793	-122.306883
37.824809	-122.306771
37.824825	-122.306660
37.824842	-122.306548
37.824859	-122.306437
37.824876	-122.306325
37.824894	-122.306214
37.824913	-122.306103
37.824931	-122.305992
37.824951	-122.305881
37.824970	-122.305771
37.824991	-122.305660
37.825011	-122.305550
37.825032	-122.305439
37.825054	-122.305329
37.825075	-122.305219
37.825098	-122.305109
37.825120	-122.304999
37.825143	-122.304890
37.825167	-122.304780
37.825191	-122.304670
37.825215	-122.304561
37.825239	-122.304452
37.825263	-122.304343
37.825288	-122.304233
37.825313	-122.304124
37.825338	-122.304015
37.825363	-122.303906
37.825389	-122.303797
37.825414	-122.303688
37.825440	-122.303579
37.825465	-122.303470
37.825491	-122.303361
37.825516	-122.303252
37.825542	-122.303143
37.825567	-122.303034
37.825593	-122.302925
37.825618	-122.302816
37.825643	-122.302707
37.825669	-122.302598
37.825694	-122.302489
37.825719	-122.302380
37.825744	-122.302271
37.825769	-122.302162
37.825793	-122.302052
37.825818	-122.301943
37.825843	-122.301834
37.825867	-122.301724
37.825892	-122.301615
37.825917	-122.301506
37.825941	-122.301396
37.825965	-122.301287
37.825990	-122.301177
37.826014	-122.301068
37.826038	-122.300958
37.826063	-122.300849
37.826087	-122.300739
37.826111	-122.300630
37.826135	-122.300520
37.826159	-122.300411
37.826184	-122.300301
37.826208	-122.300192
37.826232	-122.300082
37.826256	-122.299973
37.826280	-122.299863
37.826304	-122.299754
37.826328	-122.299644
37.826353	-122.299535
37.826377	-122.299425
37.826401	-122.299315
37.826425	-122.299206
37.826449	-122.299096
37.826473	-122.298987
37.826498	-122.298877
37.826522	-122.298768
37.826546	-122.298658
37.826571	-122.298549
37.826595	-122.298440
37.826620	-122.298330
37.826644	-122.298221
37.826669	-122.298112
37.826694	-122.298003
37.826719	-122.297894
37.826745	-122.297785
37.826770	-122.297676
37.826796	-122.297568
37.826823	-122.297460
37.826849	-122.297352
37.826877	-122.297244
37.826904	-122.297137
37.826932	-122.297029
37.826961	-122.296923
37.826991	-122.296817
37.827021	-122.296711
37.827052	-122.296606
37.827084	-122.296502
37.827117	-122.296398
37.827151	-122.296295
37.827187	-122.296193
37.827223	-122.296092
37.827261	-122.295993
37.827300	-122.295894
37.827340	-122.295796
37.827382	-122.295700
37.827426	-122.295606
37.827471	-122.295512
37.827518	-122.295421
37.827566	-122.295331
37.827617	-122.295242
37.827669	-122.295156
37.827722	-122.295072
37.827778	-122.294989
37.827835	-122.294909
37.827894	-122.294830
37.827954	-122.294754
37.828016	-122.294680
37.828080	-122.294609
37.828146	-122.294540
37.828213	-122.294473
37.828282	-122.294408
37.828352	-122.294346
37.828423	-122.294286
37.828496	-122.294228
37.828570	-122.294173
37.828646	-122.294120
37.828722	-122.294070
37.828800	-122.294021
37.828879	-122.293975
37.828958	-122.293931
37.829039	-122.293890
37.829121	-122.293850
37.829203	-122.293812
37.829286	-122.293777
37.829369	-122.293743
37.829454	-122.293711
37.829538	-122.293681
37.829624	-122.293652
37.829709	-122.293625
37.829796	-122.293600
37.829882	-122.293576
37.829969	-122.293554
37.830056	-122.293533
37.830144	-122.293514
37.830231	-122.293496
37.830319	-122.293480
37.830407	-122.293465
37.830495	-122.293451
37.830583	-122.293439
37.830672	-122.293428
37.830760	-122.293419
37.830849	-122.293411
37.830937	-122.293405
37.831026	-122.293400
37.831114	-122.293397
37.831203	-122.293396
37.831291	-122.293396
37.831379	-122.293398
37.831468	-122.293402
37.831556	-122.293408
37.831644	-122.293416
37.831732	-122.293426
37.831820	-122.293437
37.831908	-122.293451
37.831995	-122.293466
37.832082	-122.293483
37.832170	-122.293502
37.832256	-122.293523
37.832343	-122.293546
37.832430	-122.293571
37.832516	-122.293597
37.832602	-122.293625
37.832687	-122.293654
37.832773	-122.293685
37.832858	-122.293718
37.832943	-122.293752
37.833027	-122.293787
37.833112	-122.293823
37.833196	-122.293861
37.833280	-122.293900
37.833364	-122.293939
37.833447	-122.293980
37.833530	-122.294022
37.833613	-122.294064
37.833696	-122.294107
37.833779	-122.294151
37.833861	-122.294195
37.833944	-122.294240
37.834026	-122.294285
37.834108	-122.294331
37.834190	-122.294378
37.834272	-122.294424
37.834353	-122.294472
37.834435	-122.294519
37.834516	-122.294567
37.834598	-122.294615
37.834679	-122.294664
37.834760	-122.294713
37.834841	-122.294762
37.834922	-122.294811
37.835002	-122.294861
37.835083	-122.294910
37.835164	-122.294960
37.835244	-122.295010
37.835325	-122.295061
37.835406	-122.295111
37.835486	-122.295161
37.835567	-122.295211
37.835647	-122.295262
37.835728	-122.295312
37.835808	-122.295362
37.835889	-122.295411
37.835970	-122.295460
37.836051	-122.295509
37.836132	-122.295558
37.836213	-122.295606
37.836295	-122.295653
37.836376	-122.295700
37.836458	-122.295746
37.836541	-122.295791
37.836623	-122.295835
37.836706	-122.295879
37.836789	-122.295921
37.836872	-122.295962
37.836956	-122.296002
37.837040	-122.296041
37.837124	-122.296079
37.837208	-122.296116
37.837293	-122.296151
37.837378	-122.296185
37.837464	-122.296218
37.837550	-122.296250
37.837636	-122.296280
37.837722	-122.296309
37.837809	-122.296337
37.837896	-122.296364
37.837983	-122.296389
37.838071	-122.296414
37.838158	-122.296437
37.838246	-122.296459
37.838334	-122.296481
37.838422	-122.296502
37.838511	-122.296522
37.838599	-122.296541
37.838688	-122.296559
37.838776	-122.296577
37.838865	-122.296595
37.838954	-122.296612
37.839042	-122.296629
37.839131	-122.296646
37.839220	-122.296662
37.839309	-122.296678
37.839398	-122.296694
37.839487	-122.296710
37.839576	-122.296726
37.839665	-122.296742
37.839754	-122.296758
37.839843	-122.296773
37.839932	-122.296789
37.840021	-122.296805
37.840109	-122.296821
37.840198	-122.296837
37.840287	-122.296853
37.840376	-122.296870
37.840465	-122.296886
37.840554	-122.296903
37.840643	-122.296919
37.840731	-122.296936
37.840820	-122.296954
37.840909	-122.296971
37.840998	-122.296989
37.841086	-122.297006
37.841175	-122.297024
37.841264	-122.297043
37.841352	-122.297061
37.841441	-122.297080
37.841529	-122.297099
37.841618	-122.297118
37.841706	-122.297138
37.841795	-122.297157
37.841883	-122.297177
37.841972	-122.297197
37.842060	-122.297217
37.842149	-122.297237
37.842237	-122.297257
37.842326	-122.297277
37.842414	-122.297297
37.842502	-122.297317
37.842591	-122.297337
37.842679	-122.297357
37.842768	-122.297377
37.842856	-122.297397
37.842945	-122.297417
37.843033	-122.297437
37.843122	-122.297456
37.843210	-122.297476
37.843299	-122.297495
37.843387	-122.297515
37.843476	-122.297534
37.843564	-122.297553
37.843653	-122.297572
37.843741	-122.297591
37.843830	-122.297609
37.843919	-122.297628
37.844007	-122.297647
37.844096	-122.297666
37.844184	-122.297685
37.844273	-122.297703
37.844362	-122.297722
37.844450	-122.297741
37.844538	-122.297761
37.844627	-122.297782
37.844715	-122.297803
37.844803	-122.297824
37.844892	-122.297844
37.844980	-122.297864
37.845069	-122.297883
37.845157	-122.297903
37.845246	-122.297922
37.845334	-122.297941
37.845423	-122.297961
37.845511	-122.297980
37.845600	-122.297999
37.845689	-122.298018
37.845777	-122.298037
37.845866	-122.298057
37.845954	-122.298076
37.846043	-122.298095
37.846131	-122.298114
37.846220	-122.298134
37.846308	-122.298153
37.846397	-122.298172
37.846485	-122.298192
37.846574	-122.298211
37.846662	-122.298231
37.846750	-122.298251
37.846839	-122.298271
37.846927	-122.298291
37.847015	-122.298311
37.847104	-122.298331
37.847192	-122.298351
37.847280	-122.298371
37.847369	-122.298391
37.847457	-122.298411
37.847545	-122.298431
37.847634	-122.298452
37.847722	-122.298472
37.847810	-122.298492
37.847899	-122.298512
37.847987	-122.298532
37.848075	-122.298552
37.848164	-122.298573
37.848252	-122.298593
37.848341	-122.298613
37.848429	-122.298634
37.848517	-122.298654
37.848606	-122.298675
37.848694	-122.298695
37.848782	-122.298716
37.848871	-122.298736
37.848959	-122.298757
37.849047	-122.298778
37.849135	-122.298799
37.849224	-122.298820
37.849312	-122.298841
37.849400	-122.298862
37.849489	-122.298883
37.849577	-122.298904
37.849665	-122.298925
37.849753	-122.298946
37.849842	-122.298967
37.849930	-122.298989
37.850018	-122.299010
37.850106	-122.299031
37.850195	-122.299053
37.850283	-122.299074
37.850371	-122.299096
37.850459	-122.299117
37.850547	-122.299139
37.850636	-122.299160
37.850724	-122.299182
37.850812	-122.299203
37.850900	-122.299225
37.850988	-122.299246
37.851077	-122.299268
37.851165	-122.299290
37.851253	-122.299311
37.851341	-122.299333
37.851429	-122.299355
37.851517	-122.299377
37.851605	-122.299399
37.851693	-122.299421
37.851782	-122.299444
37.851870	-122.299466
37.851958	-122.299489
37.852046	-122.299512
37.852134	-122.299534
37.852222	-122.299557
37.852309	-122.299581
37.852397	-122.299604
37.852485	-122.299627
37.852573	-122.299651
37.852661	-122.299674
37.852749	-122.299698
37.852837	-122.299722
37.852925	-122.299746
37.853012	-122.299769
37.853100	-122.299793
37.853188	-122.299817
37.853276	-122.299841
37.853364	-122.299865
37.853451	-122.299889
37.853539	-122.299914
37.853627	-122.299938
37.853715	-122.299962
37.853803	-122.299986
37.853890	-122.300010
37.853978	-122.300034
37.854066	-122.300059
37.854154	-122.300083
37.854241	-122.300107
37.854329	-122.300131
37.854417	-122.300156
37.854505	-122.300180
37.854593	-122.300204
37.854680	-122.300228
37.854768	-122.300253
37.854856	-122.300277
37.854944	-122.300301
37.855031	-122.300325
37.855119	-122.300350
37.855207	-122.300374
37.855295	-122.300398
37.855382	-122.300423
37.855470	-122.300447
37.855558	-122.300471
37.855646	-122.300496
37.855733	-122.300520
37.855821	-122.300544
37.855909	-122.300568
37.855997	-122.300593
37.856084	-122.300617
37.856172	-122.300641
37.856260	-122.300666
37.856348	-122.300690
37.856435	-122.300714
37.856523	-122.300739
37.856611	-122.300763
37.856699	-122.300787
37.856787	-122.300811
37.856874	-122.300836
37.856962	-122.300860
37.857050	-122.300884
37.857138	-122.300909
37.857225	-122.300933
37.857313	-122.300957
37.857401	-122.300982
37.857489	-122.301006
37.857576	-122.301030
37.857664	-122.301055
37.857752	-122.301079
37.857840	-122.301103
37.857927	-122.301128
37.858015	-122.301152
37.858103	-122.301176
37.858191	-122.301201
37.858278	-122.301225
37.858366	-122.301249
37.858454	-122.301274
37.858542	-122.301298
37.858629	-122.301322
37.858717	-122.301347
37.858805	-122.301371
37.858893	-122.301396
37.858980	-122.301420
37.859068	-122.301444
37.859156	-122.301469
37.859244	-122.301493
37.859331	-122.301517
37.859419	-122.301542
37.859507	-122.301566
37.859595	-122.301590
37.859682	-122.301615
37.859770	-122.301639
37.859858	-122.301663
37.859946	-122.301688
37.860033	-122.301712
37.860121	-122.301737
37.860209	-122.301761
37.860297	-122.301785
37.860384	-122.301810
37.860472	-122.301834
37.860560	-122.301858
37.860648	-122.301883
37.860735	-122.301907
37.860823	-122.301931
37.860911	-122.301956
37.860999	-122.301980
37.861086	-122.302004
37.861174	-122.302029
37.861262	-122.302053
37.861350	-122.302077
37.861437	-122.302102
37.861525	-122.302126
37.861613	-122.302150
37.861701	-122.302175
37.861788	-122.302199
37.861876	-122.302223
37.861964	-122.302247
37.862052	-122.302271
37.862139	-122.302295
37.862227	-122.302319
37.862315	-122.302343
37.862403	-122.302367
37.862491	-122.302391
37.862578	-122.302414
37.862666	-122.302437
37.862754	-122.302461
37.862842	-122.302483
37.862930	-122.302506
37.863018	-122.302529
37.863106	-122.302551
37.863194	-122.302573
37.863282	-122.302594
37.863370	-122.302615
37.863458	-122.302636
37.863546	-122.302656
37.863634	-122.302676
37.863722	-122.302696
37.863810	-122.302715
37.863898	-122.302733
37.863986	-122.302752
37.864075	-122.302769
37.864163	-122.302786
37.864251	-122.302803
37.864339	-122.302819
37.864427	-122.302834
37.864515	-122.302849
37.864602	-122.302863
37.864690	-122.302877
37.864777	-122.302889
37.864864	-122.302901
37.864951	-122.302912
37.865037	-122.302921
37.865123	-122.302930
37.865209	-122.302937
37.865293	-122.302942
37.865378	-122.302946
37.865461	-122.302947
37.865543	-122.302947
37.865624	-122.302944
37.865704	-122.302938
37.865783	-122.302930
37.865861	-122.302919
37.865937	-122.302904
37.866011	-122.302886
37.866084	-122.302864
37.866154	-122.302838
37.866223	-122.302809
37.866290	-122.302775
37.866355	-122.302737
37.866418	-122.302694
37.866478	-122.302647
37.866536	-122.302596
37.866592	-122.302541
37.866645	-122.302481
37.866697	-122.302418
37.866746	-122.302350
37.866793	-122.302278
37.866837	-122.302203
37.866880	-122.302124
37.866921	-122.302042
37.866960	-122.301956
37.866997	-122.301868
37.867032	-122.301777
37.867066	-122.301683
37.867098	-122.301588
37.867130	-122.301490
37.867159	-122.301391
37.867188	-122.301290
37.867216	-122.301187
37.867243	-122.301083
37.867269	-122.300978
37.867295	-122.300873
37.867319	-122.300766
37.867344	-122.300659
37.867368	-122.300551
37.867391	-122.300443
37.867414	-122.300334
37.867437	-122.300225
37.867460	-122.300116
37.867482	-122.300006
37.867504	-122.299896
37.867527	-122.299786
37.867548	-122.299676
37.867570	-122.299566
37.867592	-122.299456
37.867614	-122.299346
37.867635	-122.299235
37.867657	-122.299125
37.867679	-122.299015
37.867700	-122.298904
37.867722	-122.298794
37.867743	-122.298683
37.867765	-122.298573
37.867786	-122.298462
37.867808	-122.298352
37.867829	-122.298241
37.867851	-122.298131
37.867872	-122.298020
37.867894	-122.297910
37.867915	-122.297800
37.867937	-122.297689
37.867958	-122.297579
37.867980	-122.297468
37.868002	-122.297358
37.868024	-122.297247
37.868045	-122.297137
37.868067	-122.297027
37.868089	-122.296916
37.868111	-122.296806
37.868133	-122.296696
37.868155	-122.296585
37.868177	-122.296475
37.868199	-122.296365
37.868221	-122.296254
37.868243	-122.296144
37.868265	-122.296034
37.868287	-122.295924
37.868310	-122.295813
37.868332	-122.295703
37.868354	-122.295593
37.868376	-122.295483
37.868398	-122.295372
37.868421	-122.295262
37.868443	-122.295152
37.868465	-122.295042
37.868487	-122.294931
37.868510	-122.294821
37.868532	-122.294711
37.868554	-122.294601
37.868576	-122.294490
37.868599	-122.294380
37.868621	-122.294270
37.868643	-122.294160
37.868665	-122.294049
37.868687	-122.293939
37.868709	-122.293829
37.868730	-122.293718
37.868752	-122.293608
37.868774	-122.293498
37.868795	-122.293387
37.868816	-122.293277
37.868837	-122.293166
37.868858	-122.293055
37.868879	-122.292945
37.868899	-122.292834
37.868919	-122.292723
37.868939	-122.292612
37.868958	-122.292501
37.868978	-122.292390
37.868996	-122.292279
37.869015	-122.292168
37.869033	-122.292057
37.869051	-122.291946
37.869069	-122.291834
37.869086	-122.291723
37.869103	-122.291611
37.869120	-122.291499
37.869137	-122.291388
37.869153	-122.291276
37.869169	-122.291164
37.869184	-122.291052
37.869200	-122.290940
37.869215	-122.290828
37.869231	-122.290716
37.869246	-122.290604
37.869261	-122.290491
37.869275	-122.290379
37.869290	-122.290267
37.869305	-122.290155
37.869319	-122.290043
37.869334	-122.289930
37.869349	-122.289818
37.869363	-122.289706
37.869378	-122.289593
37.869392	-122.289481
37.869407	-122.289369
37.869422	-122.289257
37.869436	-122.289144
37.869451	-122.289032
37.869466	-122.288920
37.869480	-122.288808
37.869495	-122.288695
37.869509	-122.288583
37.869524	-122.288471
37.869539	-122.288359
37.869553	-122.288246
37.869568	-122.288134
37.869582	-122.288022
37.869597	-122.287909
37.869611	-122.287797
37.869626	-122.287685
37.869640	-122.287573
37.869655	-122.287460
37.869669	-122.287348
37.869683	-122.287236
37.869698	-122.287123
37.869712	-122.287011
37.869727	-122.286899
37.869741	-122.286786
37.869755	-122.286674
37.869770	-122.286562
37.869784	-122.286449
37.869798	-122.286337
37.869813	-122.286225
37.869827	-122.286112
37.869841	-122.286000
37.869856	-122.285888
37.869870	-122.285775
37.869884	-122.285663
37.869899	-122.285551
37.869913	-122.285438
37.869927	-122.285326
37.869942	-122.285214
37.869956	-122.285101
37.869970	-122.284989
37.869985	-122.284877
37.869999	-122.284764
37.870013	-122.284652
37.870028	-122.284540
37.870042	-122.284427
37.870056	-122.284315
37.870070	-122.284203
37.870085	-122.284090
37.870099	-122.283978
37.870113	-122.283866
37.870127	-122.283753
37.870142	-122.283641
37.870156	-122.283528
37.870170	-122.283416
37.870184	-122.283304
37.870199	-122.283191
37.870213	-122.283079
37.870227	-122.282967
37.870241	-122.282854
37.870256	-122.282742
37.870270	-122.282630
37.870284	-122.282517
37.870298	-122.282405
37.870312	-122.282293
37.870327	-122.282180
37.870341	-122.282068
37.870355	-122.281956
37.870369	-122.281843
37.870383	-122.281731
37.870398	-122.281619
37.870412	-122.281506
37.870426	-122.281394
37.870441	-122.281282
37.870455	-122.281169
37.870470	-122.281057
37.870484	-122.280945
37.870499	-122.280833
37.870513	-122.280720
37.870528	-122.280608
37.870543	-122.280496
37.870557	-122.280383
37.870572	-122.280271
37.870586	-122.280159
37.870601	-122.280047
37.870615	-122.279934
37.870630	-122.279822
37.870644	-122.279710
37.870659	-122.279597
37.870673	-122.279485
37.870688	-122.279373
37.870702	-122.279260
37.870717	-122.279148
37.870731	-122.279036
37.870746	-122.278924
37.870760	-122.278811
37.870775	-122.278699
37.870789	-122.278587
37.870804	-122.278474
37.870819	-122.278362
37.870833	-122.278250
37.870848	-122.278138
37.870863	-122.278025
37.870878	-122.277913
37.870892	-122.277801
37.870907	-122.277689
37.870922	-122.277576
37.870937	-122.277464
37.870951	-122.277352
37.870966	-122.277240
37.870981	-122.277127
37.870995	-122.277015
37.871010	-122.276903
37.871025	-122.276790
37.871039	-122.276678
37.871054	-122.276566
37.871068	-122.276454
37.871082	-122.276341
37.871097	-122.276229
37.871111	-122.276117
37.871126	-122.276004
37.871140	-122.275892
37.871154	-122.275780
37.871168	-122.275667
37.871183	-122.275555
37.871197	-122.275442
37.871211	-122.275330
37.871225	-122.275218
37.871239	-122.275105
37.871254	-122.274993
37.871268	-122.274881
37.871282	-122.274768
37.871296	-122.274656
37.871310	-122.274543
37.871324	-122.274431
37.871339	-122.274319
37.871353	-122.274206
37.871367	-122.274094
37.871381	-122.273982
37.871396	-122.273869
37.871411	-122.273757
37.871425	-122.273645
37.871440	-122.273533
37.871455	-122.273420
37.871470	-122.273308
37.871485	-122.273196
37.871500	-122.273084
37.871514	-122.272971
37.871527	-122.272859
37.871539	-122.272746