37.77499 -122.41949
37.7750539004 -122.419410124
37.7751176484 -122.419330057
37.7751803002 -122.41924861
37.7752447336 -122.419169477
37.7753107729 -122.419092432
37.7753738308 -122.419011559
37.775437618 -122.41893156
37.775502097 -122.418852426
37.775566576 -122.418773293
37.7756310975 -122.418694214
37.7756957066 -122.418615247
37.7757577189 -122.418533042
37.7758207287 -122.418452037
37.7758837839 -122.418371088
37.7759468391 -122.418290139
37.7760098942 -122.41820919
37.7760729494 -122.418128241
37.7761360046 -122.418047291
37.776199	-122.417966
37.776262	-122.417885
37.776324	-122.417804
37.776381	-122.417721
37.776425	-122.417637
37.776448	-122.417550
37.776444	-122.417463
37.776412	-122.417378
37.776360	-122.417297
37.776297	-122.417219
37.776231	-122.417143
37.776164361 -122.417066706
37.7760977909 -122.416990394
37.7760331755 -122.416911469
37.775969273 -122.416831591
37.7759053705 -122.416751713
37.775841468 -122.416671835
37.7757775655 -122.416591957
37.7757143148 -122.416511262
37.7756522218 -122.416429145
37.7755907011 -122.416346328
37.7755291804 -122.416263512
37.7754676597 -122.416180696
37.7754053779 -122.416098812
37.7753418949 -122.4160184
37.7752784238 -122.415937973
37.7752154172 -122.415856965
37.7751524105 -122.415775956
37.7750894039 -122.415694948
37.7750263973 -122.415613939
37.7749633907 -122.415532931
37.7749003841 -122.415451922
37.7748373065 -122.415371003
37.7747741022 -122.415290242
37.7747108979 -122.415209481
37.7746476936 -122.41512872
37.7745844893 -122.415047959
37.7745212851 -122.414967198
37.7744571504 -122.414887628
37.7743925434 -122.414808664
37.7743279363 -122.4147297
37.7742633292 -122.414650736
37.7741987222 -122.414571772
37.7741341151 -122.414492807
37.7740695081 -122.414413843
37.7740054293 -122.414334196
37.7739415791 -122.414254253
37.7738777288 -122.414174311
37.7738138786 -122.414094368
37.7737500284 -122.414014426
37.7736861781 -122.413934483
37.7736223279 -122.413854541
37.7735584777 -122.413774598
37.7734946274 -122.413694655
37.7734307772 -122.413614713
37.773366927 -122.41353477
37.7733030767 -122.413454828
37.7732392265 -122.413374885
37.7731753763 -122.413294943
37.773111526 -122.413215
37.7730476758 -122.413135058
37.7729838256 -122.413055115
37.7729199753 -122.412975172
37.7728561251 -122.41289523
37.7727924742 -122.412815035
37.772729083 -122.412734511
37.7726656918 -122.412653987
37.7726023006 -122.412573463
37.7725389094 -122.412492939
37.7724755182 -122.412412415
37.772412127 -122.412331891
37.7723487359 -122.412251367
37.7722853447 -122.412170843
37.7722219535 -122.412090319
37.7721585623 -122.412009795
37.7720951711 -122.411929271
37.7720316854 -122.411848867
37.7719681701 -122.411768501
37.7719046547 -122.411688135
37.7718411393 -122.411607768
37.7717776239 -122.411527402
37.7717141086 -122.411447035
37.7716505932 -122.411366669
37.7715870453 -122.411286344
37.7715228229 -122.411206883
37.7714586004 -122.411127421
37.771394378 -122.411047959
37.7713301556 -122.410968498
37.7712659332 -122.410889036
37.7712017107 -122.410809574
37.7711374883 -122.410730113
37.7710732659 -122.410650651
37.7710090435 -122.410571189
37.7709458672 -122.410490401
37.7708828625 -122.410409395
37.7708198577 -122.410328389
37.770756853 -122.410247382
37.770694	-122.410166
37.770631	-122.410085
37.770569	-122.410004
37.770512	-122.409923
37.770471	-122.409842
37.770453	-122.409761
37.770464	-122.409680
37.770499	-122.409598
37.770552	-122.409517
37.770612	-122.409435
37.770674	-122.409354
37.770736	-122.409272
37.7707990376 -122.409190386
37.7708622659 -122.409109668
37.7709261665 -122.409029792
37.770990067 -122.408949916
37.771054	-122.408870
37.771118	-122.408790
37.771182	-122.408710
37.771246	-122.408630
37.771309	-122.408549
37.771372	-122.408469
37.771436	-122.408389
37.771499	-122.408308
37.771562	-122.408227
37.771626	-122.408147
37.771689	-122.408066
37.771752	-122.407986
37.771816	-122.407905
37.771879	-122.407825
37.771943	-122.407746
37.772006	-122.407667
37.772070	-122.407588
37.772135	-122.407511
37.772200	-122.407436
37.772265	-122.407363
37.772332	-122.407292
37.772399	-122.407223
37.772467	-122.407158
37.772536	-122.407097
37.772606	-122.407039
37.772678	-122.406985
37.772751	-122.406934
37.772825	-122.406888
37.772901	-122.406844
37.772978	-122.406804
37.773055	-122.406766
37.773134	-122.406731
37.773213	-122.406697
37.773293	-122.406664
37.773373	-122.406631
37.773453	-122.406598
37.773533	-122.406563
37.773612	-122.406528
37.773691	-122.406490
37.773770	-122.406450
37.773847	-122.406407
37.773924	-122.406361
37.773999	-122.406313
37.774073	-122.406261
37.774146	-122.406205
37.774218	-122.406147
37.774288	-122.406086
37.774358	-122.406021
37.774427	-122.405955
37.774494	-122.405886
37.774561	-122.405815
37.774627	-122.405742
37.774692	-122.405668
37.774756	-122.405593
37.774821	-122.405518
37.774884	-122.405441
37.774948	-122.405364
37.775011	-122.405287
37.775074	-122.405210
37.775138	-122.405133
37.775201	-122.405057
37.775264	-122.404980
37.775327	-122.404904
37.775390	-122.404828
37.775453	-122.404753
37.775517	-122.404678
37.775580	-122.404603
37.775644	-122.404529
37.775707	-122.404455
37.775771	-122.404381
37.775834	-122.404307
37.775898	-122.404233
37.775962	-122.404160
37.776026	-122.404086
37.776089	-122.404013
37.776153	-122.403939
37.776217	-122.403865
37.776280	-122.403791
37.776344	-122.403717
37.776407	-122.403643
37.776471	-122.403568
37.776534	-122.403494
37.776597	-122.403418
37.776660	-122.403343
37.776723	-122.403267
37.776786	-122.403191
37.776849	-122.403115
37.776912	-122.403038
37.776974	-122.402961
37.777036	-122.402883
37.777099	-122.402805
37.777161	-122.402727
37.777223	-122.402649
37.777285	-122.402570
37.777346	-122.402491
37.777408	-122.402411
37.777469	-122.402331
37.777531	-122.402251
37.777592	-122.402171
37.777653	-122.402090
37.777714	-122.402009
37.777775	-122.401928
37.777836	-122.401847
37.777897	-122.401765
37.777958	-122.401684
37.778018	-122.401602
37.778079	-122.401520
37.778139	-122.401438
37.778200	-122.401355
37.778260	-122.401273
37.778321	-122.401190
37.778381	-122.401108
37.778442	-122.401025
37.778502	-122.400943
37.778563	-122.400860
37.778623	-122.400777
37.778684	-122.400694
37.778744	-122.400611
37.778805	-122.400529
37.778865	-122.400446
37.778926	-122.400363
37.778986	-122.400280
37.779047	-122.400198
37.779108	-122.400115
37.779169	-122.400032
37.779230	-122.399950
37.779291	-122.399867
37.779352	-122.399785
37.779413	-122.399702
37.779474	-122.399620
37.779535	-122.399538
37.779596	-122.399456
37.779658	-122.399374
37.779719	-122.399292
37.779781	-122.399210
37.779843	-122.399128
37.779905	-122.399046
37.779966	-122.398965
37.780028	-122.398883
37.780090	-122.398802
37.780153	-122.398721
37.780215	-122.398639
37.780277	-122.398558
37.780340	-122.398477
37.780402	-122.398396
37.780465	-122.398315
37.780528	-122.398235
37.780590	-122.398154
37.780653	-122.398073
37.780716	-122.397993
37.780779	-122.397912
37.780842	-122.397832
37.780905	-122.397752
37.780968	-122.397671
37.781031	-122.397591
37.781095	-122.397511
37.781158	-122.397431
37.781221	-122.397350
37.781285	-122.397270
37.781348	-122.397190
37.781411	-122.397110
37.781475	-122.397030
37.781538	-122.396950
37.781601	-122.396870
37.781665	-122.396790
37.781728	-122.396710
37.781792	-122.396630
37.781855	-122.396550
37.781918	-122.396470
37.781982	-122.396389
37.782045	-122.396309
37.782108	-122.396229
37.782172	-122.396149
37.782235	-122.396069
37.782298	-122.395988
37.782362	-122.395908
37.782425	-122.395828
37.782488	-122.395747
37.782551	-122.395667
37.782614	-122.395587
37.782677	-122.395506
37.782740	-122.395426
37.782803	-122.395345
37.782866	-122.395265
37.782929	-122.395184
37.782992	-122.395103
37.783055	-122.395023
37.783118	-122.394942
37.783181	-122.394861
37.783244	-122.394781
37.783306	-122.394700
37.783369	-122.394619
37.783432	-122.394539
37.783495	-122.394458
37.783558	-122.394377
37.783620	-122.394296
37.783683	-122.394216
37.783746	-122.394135
37.783809	-122.394054
37.783872	-122.393974
37.783934	-122.393893
37.783997	-122.393812
37.784060	-122.393732
37.784123	-122.393651
37.784185	-122.393570
37.784248	-122.393490
37.784311	-122.393409
37.784374	-122.393328
37.784437	-122.393248
37.784500	-122.393167
37.784563	-122.393087
37.784626	-122.393006
37.784688	-122.392926
37.784751	-122.392846
37.784814	-122.392765
37.784877	-122.392685
37.784941	-122.392605
37.785004	-122.392525
37.785067	-122.392444
37.785130	-122.392364
37.785193	-122.392284
37.785256	-122.392204
37.785319	-122.392124
37.785383	-122.392044
37.785446	-122.391964
37.785509	-122.391884
37.785573	-122.391805
37.785636	-122.391725
37.785700	-122.391645
37.785763	-122.391566
37.785827	-122.391486
37.785890	-122.391407
37.785954	-122.391327
37.786018	-122.391248
37.786081	-122.391169
37.786145	-122.391089
37.786209	-122.391010
37.786273	-122.390931
37.786337	-122.390852
37.786401	-122.390773
37.786465	-122.390694
37.786529	-122.390615
37.786593	-122.390537
37.786657	-122.390458
37.786722	-122.390380
37.786786	-122.390301
37.786850	-122.390223
37.786915	-122.390144
37.786979	-122.390066
37.787044	-122.389988
37.787109	-122.389910
37.787173	-122.389832
37.787238	-122.389754
37.787303	-122.389677
37.787368	-122.389599
37.787433	-122.389521
37.787498	-122.389444
37.787564	-122.389367
37.787629	-122.389289
37.787694	-122.389212
37.787760	-122.389135
37.787825	-122.389058
37.787891	-122.388981
37.787957	-122.388905
37.788022	-122.388828
37.788088	-122.388751
37.788154	-122.388675
37.788220	-122.388599
37.788287	-122.388522
37.788353	-122.388446
37.788419	-122.388370
37.788486	-122.388294
37.788552	-122.388219
37.788619	-122.388143
37.788685	-122.388067
37.788752	-122.387992
37.788819	-122.387916
37.788886	-122.387841
37.788953	-122.387766
37.789020	-122.387691
37.789087	-122.387616
37.789154	-122.387541
37.789221	-122.387466
37.789289	-122.387391
37.789356	-122.387316
37.789424	-122.387242
37.789491	-122.387167
37.789559	-122.387092
37.789627	-122.387018
37.789694	-122.386944
37.789762	-122.386869
37.789830	-122.386795
37.789898	-122.386721
37.789966	-122.386647
37.790034	-122.386573
37.790102	-122.386499
37.790170	-122.386425
37.790238	-122.386351
37.790306	-122.386277
37.790374	-122.386203
37.790442	-122.386129
37.790511	-122.386055
37.790579	-122.385982
37.790647	-122.385908
37.790716	-122.385834
37.790784	-122.385760
37.790852	-122.385687
37.790921	-122.385613
37.790989	-122.385539
37.791058	-122.385466
37.791126	-122.385392
37.791195	-122.385318
37.791263	-122.385245
37.791332	-122.385171
37.791400	-122.385097
37.791469	-122.385024
37.791538	-122.384950
37.791606	-122.384876
37.791675	-122.384803
37.791744	-122.384729
37.791812	-122.384655
37.791881	-122.384582
37.791950	-122.384508
37.792018	-122.384434
37.792087	-122.384360
37.792156	-122.384287
37.792224	-122.384213
37.792293	-122.384139
37.792362	-122.384065
37.792431	-122.383992
37.792500	-122.383918
37.792568	-122.383844
37.792637	-122.383770
37.792706	-122.383696
37.792775	-122.383623
37.792844	-122.383549
37.792913	-122.383475
37.792981	-122.383401
37.793050	-122.383327
37.793119	-122.383253
37.793188	-122.383179
37.793257	-122.383105
37.793326	-122.383031
37.793395	-122.382957
37.793464	-122.382883
37.793533	-122.382809
37.793602	-122.382735
37.793671	-122.382661
37.793740	-122.382587
37.793809	-122.382513
37.793878	-122.382439
37.793947	-122.382365
37.794016	-122.382291
37.794085	-122.382217
37.794154	-122.382143
37.794223	-122.382069
37.794292	-122.381995
37.794361	-122.381921
37.794430	-122.381847
37.794499	-122.381773
37.794568	-122.381699
37.794637	-122.381625
37.794706	-122.381551
37.794775	-122.381477
37.794844	-122.381403
37.794913	-122.381329
37.794982	-122.381255
37.795051	-122.381181
37.795120	-122.381107
37.795189	-122.381033
37.795258	-122.380958
37.795328	-122.380884
37.795397	-122.380810
37.795466	-122.380736
37.795535	-122.380662
37.795604	-122.380588
37.795673	-122.380514
37.795742	-122.380440
37.795811	-122.380366
37.795880	-122.380292
37.795950	-122.380218
37.796019	-122.380144
37.796088	-122.380070
37.796157	-122.379996
37.796226	-122.379922
37.796295	-122.379848
37.796364	-122.379774
37.796433	-122.379700
37.796502	-122.379626
37.796571	-122.379552
37.796641	-122.379478
37.796710	-122.379404
37.796779	-122.379329
37.796848	-122.379255
37.796917	-122.379181
37.796986	-122.379107
37.797055	-122.379033
37.797124	-122.378959
37.797193	-122.378885
37.797262	-122.378811
37.797331	-122.378737
37.797400	-122.378663
37.797469	-122.378589
37.797538	-122.378515
37.797607	-122.378440
37.797676	-122.378366
37.797745	-122.378292
37.797814	-122.378218
37.797883	-122.378144
37.797952	-122.378070
37.798021	-122.377996
37.798090	-122.377922
37.798159	-122.377848
37.798228	-122.377773
37.798296	-122.377699
37.798365	-122.377625
37.798434	-122.377551
37.798503	-122.377477
37.798572	-122.377403
37.798641	-122.377329
37.798710	-122.377255
37.798778	-122.377181
37.798847	-122.377107
37.798916	-122.377032
37.798985	-122.376958
37.799053	-122.376884
37.799122	-122.376810
37.799191	-122.376736
37.799260	-122.376662
37.799328	-122.376588
37.799397	-122.376514
37.799466	-122.376440
37.799534	-122.376366
37.799603	-122.376292
37.799671	-122.376218
37.799740	-122.376144
37.799809	-122.376070
37.799877	-122.375996
37.799946	-122.375922
37.800014	-122.375848
37.800083	-122.375774
37.800151	-122.375700
37.800220	-122.375626
37.800289	-122.375552
37.800357	-122.375479
37.800426	-122.375405
37.800494	-122.375331
37.800563	-122.375257
37.800631	-122.375183
37.800699	-122.375109
37.800768	-122.375035
37.800836	-122.374961
37.800905	-122.374888
37.800973	-122.374814
37.801042	-122.374740
37.801110	-122.374666
37.801179	-122.374592
37.801247	-122.374519
37.801315	-122.374445
37.801384	-122.374371
37.801452	-122.374297
37.801521	-122.374223
37.801589	-122.374150
37.801657	-122.374076
37.801726	-122.374002
37.801794	-122.373928
37.801863	-122.373855
37.801931	-122.373781
37.801999	-122.373707
37.802068	-122.373634
37.802136	-122.373560
37.802204	-122.373486
37.802273	-122.373413
37.802341	-122.373339
37.802410	-122.373265
37.802478	-122.373192
37.802546	-122.373118
37.802615	-122.373044
37.802683	-122.372971
37.802751	-122.372897
37.802820	-122.372824
37.802888	-122.372750
37.802957	-122.372676
37.803025	-122.372603
37.803093	-122.372529
37.803162	-122.372456
37.803230	-122.372382
37.803298	-122.372309
37.803367	-122.372236
37.803435	-122.372162
37.803503	-122.372089
37.803572	-122.372015
37.803640	-122.371942
37.803708	-122.371869
37.803777	-122.371795
37.803845	-122.371722
37.803913	-122.371649
37.803982	-122.371575
37.804050	-122.371502
37.804118	-122.371429
37.804187	-122.371356
37.804255	-122.371283
37.804323	-122.371209
37.804391	-122.371136
37.804460	-122.371063
37.804528	-122.370990
37.804596	-122.370917
37.804665	-122.370844
37.804733	-122.370771
37.804801	-122.370698
37.804869	-122.370625
37.804938	-122.370552
37.805006	-122.370479
37.805074	-122.370407
37.805142	-122.370334
37.805211	-122.370261
37.805279	-122.370188
37.805347	-122.370115
37.805415	-122.370043
37.805484	-122.369970
37.805552	-122.369897
37.805620	-122.369824
37.805688	-122.369752
37.805757	-122.369679
37.805825	-122.369606
37.805893	-122.369534
37.805961	-122.369461
37.806029	-122.369389
37.806098	-122.369316
37.806166	-122.369243
37.806234	-122.369171
37.806302	-122.369098
37.806370	-122.369026
37.806438	-122.368953
37.806507	-122.368881
37.806575	-122.368808
37.806643	-122.368736
37.806711	-122.368663
37.806779	-122.368590
37.806847	-122.368518
37.806916	-122.368445
37.806984	-122.368373
37.807052	-122.368300
37.807120	-122.368228
37.807188	-122.368155
37.807256	-122.368083
37.807324	-122.368010
37.807392	-122.367938
37.807461	-122.367865
37.807529	-122.367793
37.807597	-122.367720
37.807665	-122.367648
37.807733	-122.367575
37.807801	-122.367503
37.807869	-122.367430
37.807937	-122.367358
37.808005	-122.367285
37.808073	-122.367212
37.808141	-122.367140
37.808209	-122.367067
37.808277	-122.366995
37.808345	-122.366922
37.808413	-122.366849
37.808481	-122.366777
37.808549	-122.366704
37.808617	-122.366631
37.808685	-122.366558
37.808753	-122.366486
37.808820	-122.366413
37.808888	-122.366340
37.808956	-122.366267
37.809024	-122.366194
37.809091	-122.366121
37.809159	-122.366048
37.809227	-122.365975
37.809294	-122.365901
37.809361	-122.365828
37.809429	-122.365755
37.809496	-122.365681
37.809564	-122.365608
37.809631	-122.365534
37.809698	-122.365461
37.809765	-122.365387
37.809832	-122.365313
37.809899	-122.365239
37.809966	-122.365165
37.810033	-122.365091
37.810099	-122.365016
37.810166	-122.364942
37.810233	-122.364867
37.810299	-122.364792
37.810365	-122.364718
37.810432	-122.364643
37.810498	-122.364567
37.810564	-122.364492
37.810630	-122.364417
37.810696	-122.364341
37.810761	-122.364265
37.810827	-122.364189
37.810892	-122.364113
37.810958	-122.364037
37.811023	-122.363961
37.811088	-122.363884
37.811153	-122.363807
37.811218	-122.363730
37.811283	-122.363653
37.811348	-122.363576
37.811412	-122.363498
37.811476	-122.363421
37.811541	-122.363343
37.811605	-122.363265
37.811669	-122.363186
37.811733	-122.363108
37.811796	-122.363029
37.811860	-122.362950
37.811923	-122.362871
37.811986	-122.362792
37.812049	-122.362713
37.812112	-122.362633
37.812175	-122.362553
37.812238	-122.362473
37.812300	-122.362393
37.812363	-122.362313
37.812425	-122.362232
37.812487	-122.362151
37.812549	-122.362070
37.812611	-122.361989
37.812672	-122.361907
37.812734	-122.361826
37.812795	-122.361744
37.812856	-122.361662
37.812917	-122.361580
37.812978	-122.361497
37.813039	-122.361415
37.813099	-122.361332
37.813160	-122.361249
37.813220	-122.361166
37.813280	-122.361083
37.813340	-122.360999
37.813399	-122.360915
37.813459	-122.360831
37.813518	-122.360747
37.813577	-122.360663
37.813636	-122.360578
37.813695	-122.360493
37.813754	-122.360408
37.813812	-122.360323
37.813871	-122.360238
37.813929	-122.360152
37.813987	-122.360066
37.814045	-122.359980
37.814102	-122.359894
37.814160	-122.359807
37.814217	-122.359721
37.814274	-122.359634
37.814331	-122.359547
37.814387	-122.359459
37.814444	-122.359372
37.814500	-122.359284
37.814556	-122.359196
37.814612	-122.359108
37.814667	-122.359020
37.814722	-122.358931
37.814778	-122.358842
37.814833	-122.358753
37.814887	-122.358664
37.814942	-122.358574
37.814996	-122.358484
37.815050	-122.358394
37.815104	-122.358304
37.815157	-122.358213
37.815211	-122.358123
37.815264	-122.358032
37.815317	-122.357941
37.815369	-122.357849
37.815421	-122.357758
37.815474	-122.357666
37.815525	-122.357574
37.815577	-122.357481
37.815628	-122.357389
37.815679	-122.357296
37.815730	-122.357203
37.815781	-122.357110
37.815831	-122.357017
37.815881	-122.356923
37.815931	-122.356829
37.815980	-122.356735
37.816029	-122.356641
37.816078	-122.356547
37.816127	-122.356452
37.816175	-122.356357
37.816223	-122.356262
37.816271	-122.356167
37.816318	-122.356072
37.816365	-122.355976
37.816412	-122.355880
37.816459	-122.355784
37.816505	-122.355688
37.816551	-122.355591
37.816597	-122.355495
37.816642	-122.355398
37.816687	-122.355301
37.816732	-122.355204
37.816776	-122.355106
37.816820	-122.355009
37.816864	-122.354911
37.816907	-122.354813
37.816950	-122.354715
37.816993	-122.354616
37.817036	-122.354518
37.817078	-122.354419
37.817119	-122.354320
37.817161	-122.354221
37.817202	-122.354121
37.817243	-122.354022
37.817283	-122.353922
37.817323	-122.353822
37.817363	-122.353722
37.817402	-122.353622
37.817441	-122.353521
37.817480	-122.353420
37.817518	-122.353320
37.817556	-122.353219
37.817594	-122.353117
37.817631	-122.353016
37.817668	-122.352914
37.817704	-122.352812
37.817740	-122.352710
37.817776	-122.352608
37.817812	-122.352506
37.817847	-122.352403
37.817882	-122.352300
37.817916	-122.352197
37.817950	-122.352094
37.817984	-122.351991
37.818017	-122.351887
37.818050	-122.351783
37.818083	-122.351679
37.818115	-122.351575
37.818147	-122.351471
37.818179	-122.351366
37.818210	-122.351262
37.818241	-122.351157
37.818271	-122.351052
37.818301	-122.350946
37.818331	-122.350841
37.818361	-122.350735
37.818390	-122.350630
37.818418	-122.350524
37.818447	-122.350417
37.818475	-122.350311
37.818503	-122.350204
37.818530	-122.350098
37.818557	-122.349991
37.818584	-122.349884
37.818610	-122.349776
37.818636	-122.349669
37.818662	-122.349561
37.818687	-122.349454
37.818713	-122.349346
37.818737	-122.349237
37.818762	-122.349129
37.818786	-122.349021
37.818810	-122.348912
37.818833	-122.348803
37.818856	-122.348695
37.818879	-122.348585
37.818902	-122.348476
37.818924	-122.348367
37.818946	-122.348258
37.818968	-122.348148
37.818990	-122.348038
37.819011	-122.347928
37.819032	-122.347818
37.819053	-122.347708
37.819073	-122.347598
37.819094	-122.347488
37.819114	-122.347378
37.819134	-122.347267
37.819153	-122.347156
37.819173	-122.347046
37.819192	-122.346935
37.819211	-122.346824
37.819230	-122.346713
37.819249	-122.346602
37.819267	-122.346491
37.819285	-122.346380
37.819304	-122.346269
37.819322	-122.346158
37.819339	-122.346046
37.819357	-122.345935
37.819375	-122.345824
37.819392	-122.345712
37.819410	-122.345601
37.819427	-122.345489
37.819444	-122.345378
37.819461	-122.345266
37.819478	-122.345155
37.819495	-122.345043
37.819512	-122.344931
37.819529	-122.344819
37.819545	-122.344708
37.819562	-122.344596
37.819579	-122.344484
37.819595	-122.344373
37.819612	-122.344261
37.819628	-122.344149
37.819645	-122.344037
37.819661	-122.343925
37.819677	-122.343814
37.819694	-122.343702
37.819710	-122.343590
37.819727	-122.343478
37.819743	-122.343366
37.819759	-122.343255
37.819776	-122.343143
37.819792	-122.343031
37.819808	-122.342919
37.819825	-122.342807
37.819841	-122.342695
37.819857	-122.342584
37.819874	-122.342472
37.819890	-122.342360
37.819906	-122.342248
37.819923	-122.342136
37.819939	-122.342024
37.819955	-122.341913
37.819972	-122.341801
37.819988	-122.341689
37.820005	-122.341577
37.820021	-122.341465
37.820037	-122.341354
37.820054	-122.341242
37.820070	-122.341130
37.820087	-122.341018
37.820103	-122.340906
37.820119	-122.340795
37.820136	-122.340683
37.820152	-122.340571
37.820169	-122.340459
37.820185	-122.340347
37.820202	-122.340236
37.820218	-122.340124
37.820234	-122.340012
37.820251	-122.339900
37.820267	-122.339788
37.820284	-122.339677
37.820300	-122.339565
37.820317	-122.339453
37.820333	-122.339341
37.820349	-122.339229
37.820366	-122.339118
37.820382	-122.339006
37.820399	-122.338894
37.820415	-122.338782
37.820431	-122.338670
37.820448	-122.338558
37.820464	-122.338447
37.820480	-122.338335
37.820497	-122.338223
37.820513	-122.338111
37.820529	-122.337999
37.820545	-122.337887
37.820562	-122.337776
37.820578	-122.337664
37.820594	-122.337552
37.820610	-122.337440
37.820626	-122.337328
37.820643	-122.337216
37.820659	-122.337104
37.820675	-122.336993
37.820691	-122.336881
37.820707	-122.336769
37.820723	-122.336657
37.820739	-122.336545
37.820755	-122.336433
37.820770	-122.336321
37.820786	-122.336209
37.820802	-122.336097
37.820818	-122.335985
37.820833	-122.335874
37.820849	-122.335762
37.820865	-122.335650
37.820880	-122.335538
37.820896	-122.335426
37.820911	-122.335314
37.820926	-122.335202
37.820942	-122.335090
37.820957	-122.334978
37.820972	-122.334865
37.820987	-122.334753
37.821002	-122.334641
37.821017	-122.334529
37.821032	-122.334417
37.821047	-122.334305
37.821062	-122.334193
37.821077	-122.334081
37.821092	-122.333969
37.821106	-122.333856
37.821121	-122.333744
37.821135	-122.333632
37.821150	-122.333520
37.821164	-122.333408
37.821179	-122.333295
37.821193	-122.333183
37.821207	-122.333071
37.821221	-122.332959
37.821235	-122.332846
37.821249	-122.332734
37.821263	-122.332622
37.821277	-122.332509
37.821291	-122.332397
37.821305	-122.332285
37.821318	-122.332172
37.821332	-122.332060
37.821345	-122.331948
37.821359	-122.331835
37.821372	-122.331723
37.821386	-122.331611
37.821399	-122.331498
37.821412	-122.331386
37.821425	-122.331273
37.821438	-122.331161
37.821452	-122.331048
37.821464	-122.330936
37.821477	-122.330823
37.821490	-122.330711
37.821503	-122.330598
37.821516	-122.330486
37.821528	-122.330373
37.821541	-122.330261
37.821554	-122.330148
37.821566	-122.330036
37.821579	-122.329923
37.821591	-122.329811
37.821603	-122.329698
37.821616	-122.329586
37.821628	-122.329473
37.821640	-122.329360
37.821652	-122.329248
37.821665	-122.329135
37.821677	-122.329023
37.821689	-122.328910
37.821701	-122.328797
37.821713	-122.328685
37.821725	-122.328572
37.821737	-122.328460
37.821749	-122.328347
37.821761	-122.328234
37.821773	-122.328122
37.821786	-122.328009
37.821798	-122.327896
37.821810	-122.327784
37.821822	-122.327671
37.821834	-122.327559
37.821846	-122.327446
37.821858	-122.327333
37.821870	-122.327221
37.821882	-122.327108
37.821894	-122.326995
37.821907	-122.326883
37.821919	-122.326770
37.821931	-122.326658
37.821943	-122.326545
37.821956	-122.326433
37.821968	-122.326320
37.821980	-122.326208
37.821993	-122.326095
37.822005	-122.325982
37.822018	-122.325870
37.822031	-122.325757
37.822043	-122.325645
37.822056	-122.325533
37.822069	-122.325420
37.822082	-122.325308
37.822094	-122.325195
37.822107	-122.325083
37.822120	-122.324970
37.822134	-122.324858
37.822147	-122.324746
37.822160	-122.324633
37.822173	-122.324521
37.822187	-122.324409
37.822200	-122.324296
37.822213	-122.324184
37.822227	-122.324072
37.822241	-122.323960
37.822254	-122.323847
37.822268	-122.323735
37.822282	-122.323623
37.822296	-122.323511
37.822310	-122.323399
37.822324	-122.323286
37.822339	-122.323174
37.822353	-122.323062
37.822367	-122.322950
37.822382	-122.322838
37.822397	-122.322726
37.822411	-122.322614
37.822426	-122.322502
37.822441	-122.322390
37.822456	-122.322278
37.822471	-122.322166
37.822486	-122.322054
37.822501	-122.321942
37.822517	-122.321830
37.822532	-122.321718
37.822548	-122.321607
37.822563	-122.321495
37.822579	-122.321383
37.822595	-122.321271
37.822611	-122.321159
37.822627	-122.321048
37.822643	-122.320936
37.822659	-122.320824
37.822675	-122.320712
37.822691	-122.320601
37.822708	-122.320489
37.822724	-122.320377
37.822741	-122.320266
37.822758	-122.320154
37.822775	-122.320043
37.822792	-122.319931
37.822809	-122.319820
37.822826	-122.319708
37.822843	-122.319596
37.822860	-122.319485
37.822877	-122.319374
37.822895	-122.319262
37.822912	-122.319151
37.822930	-122.319039
37.822947	-122.318928
37.822965	-122.318816
37.822983	-122.318705
37.823001	-122.318594
37.823019	-122.318482
37.823036	-122.318371
37.823054	-122.318260
37.823073	-122.318148
37.823091	-122.318037
37.823109	-122.317926
37.823127	-122.317814
37.823145	-122.317703
37.823163	-122.317592
37.823182	-122.317481
37.823200	-122.317369
37.823218	-122.317258
37.823237	-122.317147
37.823255	-122.317036
37.823274	-122.316924
37.823292	-122.316813
37.823311	-122.316702
37.823329	-122.316591
37.823348	-122.316479
37.823366	-122.316368
37.823385	-122.316257
37.823403	-122.316146
37.823421	-122.316035
37.823440	-122.315923
37.823458	-122.315812
37.823477	-122.315701
37.823495	-122.315590
37.823514	-122.315478
37.823532	-122.315367
37.823550	-122.315256
37.823569	-122.315145
37.823587	-122.315033
37.823605	-122.314922
37.823623	-122.314811
37.823641	-122.314700
37.823660	-122.314588
37.823678	-122.314477
37.823696	-122.314366
37.823714	-122.314254
37.823732	-122.314143
37.823750	-122.314032
37.823768	-122.313920
37.823786	-122.313809
37.823803	-122.313698
37.823821	-122.313586
37.823839	-122.313475
37.823857	-122.313364
37.823874	-122.313252
37.823892	-122.313141
37.823910	-122.313029
37.823927	-122.312918
37.823945	-122.312807
37.823962	-122.312695
37.823980	-122.312584
37.823998	-122.312472
37.824015	-122.312361
37.824033	-122.312250
37.824050	-122.312138
37.824067	-122.312027
37.824085	-122.311915
37.824102	-122.311804
37.824120	-122.311692
37.824137	-122.311581
37.824155	-122.311470
37.824172	-122.311358
37.824189	-122.311247
37.824207	-122.311135
37.824224	-122.311024
37.824242	-122.310913
37.824259	-122.310801
37.824277	-122.310690
37.824294	-122.310578
37.824312	-122.310467
37.824329	-122.310356
37.824347	-122.310244
37.824365	-122.310133
37.824382	-122.310022
37.824400	-122.309910
37.824418	-122.309799
37.824435	-122.309688
37.824453	-122.309577
37.824471	-122.309465
37.824489	-122.309354
37.824507	-122.309243
37.824525	-122.309132
37.824543	-122.309021
37.824561	-122.308909
37.824579	-122.308798
37.824597	-122.308687
37.824615	-122.308576
37.824633	-122.308465
37.824652	-122.308354
37.824670	-122.308243
37.824688	-122.308132
37.824707	-122.308021
37.824725	-122.307910
37.824744	-122.307799
37.824763	-122.307688
37.824781	-122.307577
37.824800	-122.307466
37.824819	-122.307355
37.824838	-122.307244
37.824857	-122.307133
37.824876	-122.307022
37.824895	-122.306911
37.824914	-122.306800
37.824933	-122.306690
37.824952	-122.306579
37.824972	-122.306468
37.824991	-122.306357
37.825011	-122.306247
37.825030	-122.306136
37.825050	-122.306025
37.825070	-122.305915
37.825089	-122.305804
37.825109	-122.305693
37.825129	-122.305583
37.825149	-122.305472
37.825170	-122.305362
37.825190	-122.305251
37.825210	-122.305141
37.825231	-122.305030
37.825251	-122.304920
37.825272	-122.304810
37.825292	-122.304699
37.825313	-122.304589
37.825334	-122.304479
37.825355	-122.304369
37.825376	-122.304259
37.825398	-122.304148
37.825419	-122.304038
37.825441	-122.303928
37.825462	-122.303818
37.825484	-122.303709
37.825506	-122.303599
37.825528	-122.303489
37.825550	-122.303379
37.825573	-122.303270
37.825595	-122.303160
37.825618	-122.303051
37.825641	-122.302941
37.825664	-122.302832
37.825687	-122.302723
37.825711	-122.302614
37.825734	-122.302505
37.825758	-122.302396
37.825782	-122.302287
37.825806	-122.302179
37.825831	-122.302070
37.825855	-122.301962
37.825880	-122.301854
37.825905	-122.301746
37.825931	-122.301639
37.825957	-122.301531
37.825982	-122.301424
37.826009	-122.301317
37.826035	-122.301210
37.826062	-122.301103
37.826089	-122.300997
37.826116	-122.300891
37.826144	-122.300785
37.826172	-122.300679
37.826200	-122.300574
37.826229	-122.300469
37.826258	-122.300364
37.826287	-122.300260
37.826317	-122.300156
37.826347	-122.300053
37.826378	-122.299949
37.826408	-122.299847
37.826440	-122.299744
37.826471	-122.299643
37.826504	-122.299541
37.826536	-122.299440
37.826569	-122.299340
37.826602	-122.299240
37.826636	-122.299141
37.826671	-122.299042
37.826706	-122.298943
37.826741	-122.298846
37.826777	-122.298749
37.826813	-122.298652
37.826850	-122.298556
37.826887	-122.298461
37.826925	-122.298366
37.826963	-122.298272
37.827002	-122.298179
37.827041	-122.298087
37.827081	-122.297995
37.827121	-122.297904
37.827162	-122.297814
37.827204	-122.297725
37.827246	-122.297636
37.827289	-122.297548
37.827332	-122.297461
37.827376	-122.297375
37.827420	-122.297290
37.827465	-122.297206
37.827510	-122.297122
37.827556	-122.297040
37.827603	-122.296958
37.827650	-122.296878
37.827698	-122.296798
37.827747	-122.296720
37.827796	-122.296642
37.827845	-122.296565
37.827896	-122.296490
37.827947	-122.296415
37.827998	-122.296342
37.828050	-122.296270
37.828103	-122.296199
37.828156	-122.296129
37.828210	-122.296060
37.828264	-122.295992
37.828319	-122.295925
37.828375	-122.295860
37.828431	-122.295795
37.828488	-122.295732
37.828545	-122.295670
37.828603	-122.295610
37.828662	-122.295550
37.828721	-122.295492
37.828781	-122.295435
37.828841	-122.295380
37.828902	-122.295326
37.828964	-122.295273
37.829026	-122.295221
37.829089	-122.295171
37.829152	-122.295122
37.829216	-122.295074
37.829280	-122.295027
37.829345	-122.294982
37.829411	-122.294939
37.829477	-122.294897
37.829544	-122.294856
37.829611	-122.294816
37.829679	-122.294778
37.829747	-122.294741
37.829816	-122.294706
37.829885	-122.294672
37.829955	-122.294639
37.830025	-122.294608
37.830096	-122.294578
37.830167	-122.294550
37.830239	-122.294523
37.830311	-122.294497
37.830384	-122.294473
37.830457	-122.294450
37.830531	-122.294429
37.830605	-122.294409
37.830679	-122.294390
37.830754	-122.294373
37.830829	-122.294357
37.830905	-122.294342
37.830981	-122.294329
37.831058	-122.294317
37.831135	-122.294306
37.831212	-122.294297
37.831290	-122.294289
37.831368	-122.294282
37.831446	-122.294276
37.831525	-122.294272
37.831603	-122.294269
37.831683	-122.294267
37.831762	-122.294267
37.831842	-122.294267
37.831922	-122.294269
37.832003	-122.294272
37.832083	-122.294276
37.832164	-122.294281
37.832245	-122.294287
37.832326	-122.294294
37.832408	-122.294302
37.832490	-122.294312
37.832571	-122.294322
37.832654	-122.294333
37.832736	-122.294345
37.832818	-122.294359
37.832901	-122.294373
37.832984	-122.294388
37.833066	-122.294403
37.833149	-122.294420
37.833233	-122.294438
37.833316	-122.294456
37.833399	-122.294475
37.833483	-122.294494
37.833566	-122.294515
37.833650	-122.294536
37.833734	-122.294558
37.833817	-122.294580
37.833901	-122.294603
37.833985	-122.294627
37.834069	-122.294651
37.834153	-122.294676
37.834238	-122.294701
37.834322	-122.294727
37.834406	-122.294753
37.834490	-122.294780
37.834575	-122.294807
37.834659	-122.294835
37.834744	-122.294863
37.834828	-122.294891
37.834912	-122.294920
37.834997	-122.294949
37.835082	-122.294978
37.835166	-122.295008
37.835251	-122.295038
37.835335	-122.295068
37.835420	-122.295098
37.835505	-122.295129
37.835589	-122.295160
37.835674	-122.295191
37.835759	-122.295222
37.835844	-122.295253
37.835929	-122.295285
37.836013	-122.295316
37.836098	-122.295348
37.836183	-122.295379
37.836268	-122.295411
37.836353	-122.295443
37.836438	-122.295475
37.836523	-122.295507
37.836608	-122.295539
37.836693	-122.295570
37.836778	-122.295602
37.836863	-122.295634
37.836948	-122.295666
37.837033	-122.295698
37.837119	-122.295729
37.837204	-122.295761
37.837289	-122.295792
37.837375	-122.295824
37.837460	-122.295855
37.837545	-122.295886
37.837631	-122.295917
37.837716	-122.295948
37.837802	-122.295979
37.837888	-122.296009
37.837973	-122.296040
37.838059	-122.296070
37.838145	-122.296100
37.838230	-122.296130
37.838316	-122.296159
37.838402	-122.296189
37.838488	-122.296218
37.838574	-122.296247
37.838660	-122.296276
37.838746	-122.296304
37.838833	-122.296333
37.838919	-122.296361
37.839005	-122.296389
37.839092	-122.296416
37.839178	-122.296444
37.839264	-122.296471
37.839351	-122.296498
37.839438	-122.296524
37.839524	-122.296551
37.839611	-122.296577
37.839698	-122.296603
37.839785	-122.296629
37.839872	-122.296654
37.839959	-122.296680
37.840046	-122.296705
37.840133	-122.296729
37.840220	-122.296754
37.840307	-122.296778
37.840394	-122.296802
37.840482	-122.296826
37.840569	-122.296850
37.840657	-122.296873
37.840744	-122.296896
37.840832	-122.296919
37.840919	-122.296942
37.841007	-122.296965
37.841095	-122.296987
37.841182	-122.297009
37.841270	-122.297031
37.841358	-122.297053
37.841446	-122.297075
37.841534	-122.297096
37.841622	-122.297117
37.841710	-122.297139
37.841798	-122.297160
37.841886	-122.297180
37.841974	-122.297201
37.842062	-122.297222
37.842150	-122.297242
37.842238	-122.297263
37.842327	-122.297283
37.842415	-122.297303
37.842503	-122.297323
37.842591	-122.297343
37.842680	-122.297363
37.842768	-122.297383
37.842856	-122.297403
37.842945	-122.297423
37.843033	-122.297442
37.843121	-122.297462
37.843210	-122.297481
37.843298	-122.297501
37.843387	-122.297520
37.843475	-122.297540
37.843564	-122.297559
37.843652	-122.297579
37.843740	-122.297598
37.843829	-122.297618
37.843917	-122.297637
37.844006	-122.297657
37.844094	-122.297676
37.844183	-122.297695
37.844271	-122.297715
37.844360	-122.297734
37.844448	-122.297754
37.844537	-122.297773
37.844625	-122.297793
37.844714	-122.297812
37.844802	-122.297832
37.844891	-122.297851
37.844979	-122.297871
37.845067	-122.297890
37.845156	-122.297910
37.845244	-122.297929
37.845333	-122.297949
37.845421	-122.297969
37.845510	-122.297988
37.845598	-122.298008
37.845687	-122.298028
37.845775	-122.298048
37.845864	-122.298068
37.845952	-122.298087
37.846040	-122.298107
37.846129	-122.298127
37.846217	-122.298147
37.846306	-122.298167
37.846394	-122.298187
37.846482	-122.298207
37.846571	-122.298227
37.846659	-122.298247
37.846748	-122.298267
37.846836	-122.298288
37.846924	-122.298308
37.847013	-122.298328
37.847101	-122.298348
37.847189	-122.298368
37.847278	-122.298389
37.847366	-122.298409
37.847455	-122.298429
37.847543	-122.298450
37.847631	-122.298470
37.847720	-122.298491
37.847808	-122.298511
37.847896	-122.298532
37.847985	-122.298552
37.848073	-122.298573
37.848161	-122.298594
37.848249	-122.298614
37.848338	-122.298635
37.848426	-122.298656
37.848514	-122.298677
37.848603	-122.298698
37.848691	-122.298718
37.848779	-122.298739
37.848867	-122.298760
37.848956	-122.298781
37.849044	-122.298802
37.849132	-122.298823
37.849220	-122.298845
37.849309	-122.298866
37.849397	-122.298887
37.849485	-122.298908
37.849573	-122.298930
37.849661	-122.298951
37.849750	-122.298972
37.849838	-122.298994
37.849926	-122.299015
37.850014	-122.299037
37.850102	-122.299058
37.850191	-122.299080
37.850279	-122.299102
37.850367	-122.299123
37.850455	-122.299145
37.850543	-122.299167
37.850631	-122.299189
37.850719	-122.299211
37.850808	-122.299233
37.850896	-122.299255
37.850984	-122.299277
37.851072	-122.299299
37.851160	-122.299321
37.851248	-122.299343
37.851336	-122.299365
37.851424	-122.299387
37.851512	-122.299410
37.851600	-122.299432
37.851688	-122.299454
37.851776	-122.299477
37.851865	-122.299499
37.851953	-122.299522
37.852041	-122.299544
37.852129	-122.299567
37.852217	-122.299590
37.852305	-122.299612
37.852393	-122.299635
37.852481	-122.299658
37.852569	-122.299681
37.852657	-122.299703
37.852745	-122.299726
37.852833	-122.299749
37.852921	-122.299772
37.853009	-122.299795
37.853096	-122.299818
37.853184	-122.299841
37.853272	-122.299864
37.853360	-122.299887
37.853448	-122.299910
37.853536	-122.299934
37.853624	-122.299957
37.853712	-122.299980
37.853800	-122.300003
37.853888	-122.300027
37.853976	-122.300050
37.854064	-122.300074
37.854151	-122.300097
37.854239	-122.300121
37.854327	-122.300144
37.854415	-122.300168
37.854503	-122.300191
37.854591	-122.300215
37.854679	-122.300238
37.854767	-122.300262
37.854854	-122.300286
37.854942	-122.300309
37.855030	-122.300333
37.855118	-122.300357
37.855206	-122.300381
37.855294	-122.300405
37.855382	-122.300428
37.855469	-122.300452
37.855557	-122.300476
37.855645	-122.300500
37.855733	-122.300524
37.855821	-122.300548
37.855908	-122.300572
37.855996	-122.300596
37.856084	-122.300620
37.856172	-122.300644
37.856260	-122.300668
37.856347	-122.300692
37.856435	-122.300716
37.856523	-122.300741
37.856611	-122.300765
37.856698	-122.300789
37.856786	-122.300813
37.856874	-122.300837
37.856962	-122.300862
37.857050	-122.300886
37.857137	-122.300910
37.857225	-122.300934
37.857313	-122.300958
37.857401	-122.300983
37.857488	-122.301007
37.857576	-122.301031
37.857664	-122.301056
37.857752	-122.301080
37.857840	-122.301104
37.857927	-122.301128
37.858015	-122.301153
37.858103	-122.301177
37.858191	-122.301201
37.858278	-122.301226
37.858366	-122.301250
37.858454	-122.301274
37.858542	-122.301299
37.858629	-122.301323
37.858717	-122.301347
37.858805	-122.301371
37.858893	-122.301396
37.858980	-122.301420
37.859068	-122.301444
37.859156	-122.301468
37.859244	-122.301493
37.859331	-122.301517
37.859419	-122.301541
37.859507	-122.301566
37.859595	-122.301590
37.859682	-122.301614
37.859770	-122.301638
37.859858	-122.301663
37.859946	-122.301687
37.860033	-122.301711
37.860121	-122.301736
37.860209	-122.301760
37.860297	-122.301784
37.860384	-122.301809
37.860472	-122.301833
37.860560	-122.301857
37.860648	-122.301882
37.860735	-122.301906
37.860823	-122.301930
37.860911	-122.301955
37.860999	-122.301979
37.861086	-122.302004
37.861174	-122.302028
37.861262	-122.302053
37.861350	-122.302077
37.861437	-122.302101
37.861525	-122.302126
37.861613	-122.302150
37.861701	-122.302175
37.861788	-122.302199
37.861876	-122.302224
37.861964	-122.302248
37.862052	-122.302272
37.862139	-122.302297
37.862227	-122.302321
37.862315	-122.302345
37.862403	-122.302370
37.862490	-122.302394
37.862578	-122.302419
37.862666	-122.302443
37.862754	-122.302467
37.862841	-122.302492
37.862929	-122.302516
37.863017	-122.302540
37.863105	-122.302564
37.863192	-122.302588
37.863280	-122.302613
37.863368	-122.302636
37.863456	-122.302660
37.863544	-122.302683
37.863631	-122.302706
37.863719	-122.302729
37.863807	-122.302750
37.863895	-122.302771
37.863983	-122.302791
37.864072	-122.302809
37.864160	-122.302825
37.864248	-122.302839
37.864337	-122.302851
37.864426	-122.302862
37.864515	-122.302871
37.864604	-122.302879
37.864693	-122.302887
37.864783	-122.302895
37.864872	-122.302906
37.864961	-122.302917
37.865050628 -122.302928738
37.8651396078 -122.302944329
37.8652285466 -122.302960338
37.8653174855 -122.302976347
37.8654064244 -122.302992356
37.8654953632 -122.303008365
37.8655838239 -122.303027488
37.8656710129 -122.30305489
37.8657582019 -122.303082292
37.8658453909 -122.303109694
37.8659330455 -122.303134033
37.8660220324 -122.303149606
37.8661110194 -122.303165178
37.8662000063 -122.303180751
37.8662889932 -122.303196324
37.8663773307 -122.303216833
37.8664668706 -122.303219018
37.866556132 -122.303206267
37.8666425015 -122.303178749
37.8667213783 -122.303125518
37.8667896868 -122.303052032
37.8668436284 -122.302961469
37.8668921417 -122.302865717
37.8669345152 -122.302766521
37.8669557767 -122.302655961
37.8669770382 -122.302545401
37.8669989883 -122.302435058
37.8670210499 -122.302324751
37.8670435349 -122.302214581
37.867066309 -122.302104506
37.8670890832 -122.301994431
37.8671118573 -122.301884356
37.8671346314 -122.301774281
37.8671575269 -122.301664247
37.8671806743 -122.301554297
37.8672038217 -122.301444347
37.867226969 -122.301334397
37.8672501164 -122.301224447
37.8672731106 -122.301114447
37.8672951721 -122.30100414
37.8673157768 -122.300893414
37.8673333954 -122.300781829
37.8673532913 -122.300670885
37.8673745528 -122.300560326
37.8673958143 -122.300449766
37.8674170758 -122.300339206
37.8674383373 -122.300228646
37.8674618244 -122.300118814
37.8674855002 -122.300009044
37.8675091761 -122.299899274
37.867532852 -122.299789504
37.8675556994 -122.299679467
37.8675763708 -122.299568728
37.8675970422 -122.299457988
37.8676177136 -122.299347249
37.867638385 -122.299236509
37.8676590563 -122.29912577
37.8676797277 -122.29901503
37.8677009611 -122.298904464
37.8677227497 -122.298794068
37.8677445383 -122.298683673
37.8677663269 -122.298573277
37.8677881155 -122.298462881
37.8678099041 -122.298352486
37.8678316927 -122.29824209
37.8678516887 -122.298131166
37.8678705801 -122.298019917
37.8678894715 -122.297908668
37.8679083629 -122.297797418
37.8679272543 -122.297686169
37.8679495216 -122.297575941
37.8679723631 -122.297465887
37.8679952045 -122.297355833
37.8680180459 -122.297245779
37.8680408873 -122.297135725
37.8680637287 -122.297025671
37.8680865702 -122.296915617
37.8681094116 -122.296805562
37.868132253 -122.296695508
37.8681548504 -122.296585375
37.8681765977 -122.296474965
37.8681983451 -122.296364556
37.8682200924 -122.296254146
37.8682418397 -122.296143737
37.868263587 -122.296033327
37.8682854115 -122.295922942
37.8683074735 -122.295812633
37.8683295354 -122.295702323
37.8683515974 -122.295592013
37.868373852 -122.295481767
37.8683970759 -122.295371841
37.8684202997 -122.295261915
37.8684435235 -122.295151989
37.8684667473 -122.295042063
37.8684899711 -122.294932137
37.8685131949 -122.294822211
37.8685348964 -122.294711794
37.8685559669 -122.294601174
37.8685770373 -122.294490554
37.8685981078 -122.294379934
37.8686200807 -122.294269596
37.8686421427 -122.294159287
37.8686642046 -122.294048977
37.8686862665 -122.293938667
37.8687083285 -122.293828358
37.8687303987 -122.293718051
37.8687529309 -122.293607894
37.868775463 -122.293497736
37.8687979952 -122.293387579
37.8688206147 -122.293277453
37.868846882 -122.293168632
37.8688731492 -122.29305981
37.8688977273 -122.292950398
37.8689192825 -122.292839927
37.8689408378 -122.292729456
37.8689623931 -122.292618985
37.8689839484 -122.292508515
37.8690055037 -122.292398044
37.8690270589 -122.292287573
37.8690486142 -122.292177102
37.8690673622 -122.292065827
37.8690819357 -122.291953559
37.8690958494 -122.291841137
37.8691097631 -122.291728714
37.8691236768 -122.291616292
37.8691375905 -122.291503869
37.8691515042 -122.291391446
37.8691654179 -122.291279024
37.8691793315 -122.291166601
37.8691932452 -122.291054179
37.8692071589 -122.290941756
37.8692210726 -122.290829333
37.8692349863 -122.290716911
37.8692489 -122.290604488
37.8692628136 -122.290492066
37.8692767273 -122.290379643
37.869290641 -122.290267221
37.8693045547 -122.290154798
37.8693184684 -122.290042375
37.8693320144 -122.28992988
37.8693455148 -122.289817376
37.8693590153 -122.289704872
37.8693725158 -122.289592368
37.8693868375 -122.289480034
37.8694021808 -122.28936791
37.8694175241 -122.289255785
37.8694328674 -122.289143661
37.8694482107 -122.289031537
37.869463554 -122.288919413
37.8694788973 -122.288807289
37.8694942406 -122.288695165
37.8695095839 -122.288583041
37.8695261201 -122.288471189
37.8695426896 -122.288359345
37.869559259 -122.288247502
37.8695758285 -122.288135658
37.8695917797 -122.288023687
37.869604077 -122.287910961
37.8696163743 -122.287798236
37.8696286716 -122.287685511
37.8696409689 -122.287572785
37.8696537699 -122.287460155
37.8696679636 -122.287347788
37.8696821574 -122.287235421
37.8696963511 -122.287123053
37.8697105449 -122.287010686
37.8697247387 -122.286898319
37.8697389324 -122.286785952
37.8697531262 -122.286673585
37.8697673199 -122.286561217
37.8697819807 -122.286448947
37.8697967502 -122.286336698
37.8698115198 -122.28622445
37.8698262893 -122.286112202
37.8698410588 -122.285999953
37.8698558283 -122.285887705
37.8698705978 -122.285775457
37.8698853673 -122.285663208
37.8699001368 -122.28555096
37.8699149064 -122.285438712
37.8699296759 -122.285326463
37.8699444454 -122.285214215
37.8699592149 -122.285101967
37.8699735952 -122.28498964
37.8699869221 -122.284877102
37.8700002489 -122.284764565
37.8700135758 -122.284652027
37.8700269026 -122.284539489
37.8700402295 -122.284426951
37.8700535563 -122.284314413
37.8700675798 -122.284202014
37.8700822554 -122.284089746
37.870096931 -122.283977478
37.8701116067 -122.283865209
37.8701262823 -122.283752941
37.8701409579 -122.283640672
37.8701556335 -122.283528404
37.8701703091 -122.283416135
37.8701849847 -122.283303867
37.8701996604 -122.283191598
37.870214336 -122.28307933
37.8702290116 -122.282967061
37.8702436872 -122.282854793
37.8702583628 -122.282742524
37.8702724823 -122.282630142
37.8702865319 -122.282517745
37.8703005815 -122.282405348
37.8703146312 -122.282292951
37.8703286808 -122.282180553
37.8703427304 -122.282068156
37.8703536481 -122.281955278
37.8703624126 -122.281842078
37.8703775136 -122.281729899
37.8703926145 -122.281617721
37.8704077154 -122.281505542
37.8704228164 -122.281393364
37.8704379173 -122.281281186
37.8704530182 -122.281169007
37.8704681192 -122.281056829
37.8704832201 -122.280944651
37.8704983211 -122.280832472
37.870513422 -122.280720294
37.8705285229 -122.280608115
37.8705436239 -122.280495937
37.8705587248 -122.280383759
37.8705736878 -122.280271551
37.8705882444 -122.280159257
37.870602801 -122.280046963
37.8706173576 -122.27993467
37.8706319142 -122.279822376
37.8706461951 -122.279710026
37.8706601315 -122.279597606
37.8706740679 -122.279485185
37.8706880043 -122.279372765
37.8707019408 -122.279260345
37.8707158772 -122.279147924
37.8707298136 -122.279035504
37.87074375 -122.278923084
37.8707576864 -122.278810663
37.8707716228 -122.278698243
37.8707855592 -122.278585823
37.8708011567 -122.278473763
37.870817531 -122.278361872
37.8708339053 -122.27824998
37.8708502436 -122.278138081
37.8708645108 -122.278025727
37.870878778 -122.277913373
37.8708930451 -122.27780102
37.8709073123 -122.277688666
37.8709215795 -122.277576312
37.8709361311 -122.277464017
37.8709510923 -122.277351808
37.8709660535 -122.277239599
37.8709810147 -122.27712739
37.8709959759 -122.277015181
37.8710109371 -122.276902972
37.8710258983 -122.276790763
37.8710403306 -122.276678443
37.871054563 -122.276566081
37.8710687955 -122.27645372
37.8710830279 -122.276341358
37.8710972604 -122.276228997
37.8711114928 -122.276116636
37.8711257253 -122.276004274
37.8711399577 -122.275891913
37.8711541902 -122.275779551
37.8711684226 -122.27566719
37.8711826551 -122.275554828
37.8711968875 -122.275442467
37.87121112 -122.275330105
37.8712253179 -122.275217737
37.8712394585 -122.275105356
37.8712535991 -122.274992976
37.8712677396 -122.274880596
37.8712818802 -122.274768215
37.8712960208 -122.274655835
37.8713101614 -122.274543454
37.8713243019 -122.274431074
37.8713384425 -122.274318694
37.8713525831 -122.274206313
37.8713667237 -122.274093933
37.8713808643 -122.273981552
37.8713950048 -122.273869172
37.8714091454 -122.273756792
37.8714244311 -122.273644653
37.8714397905 -122.273532529
37.8714551499 -122.273420406
37.8714705092 -122.273308283
37.8714858686 -122.273196159
37.871501228 -122.273084036
37.8715151817 -122.272971638
37.8715272635 -122.272858874
37.8715393454 -122.27274611
