7.313828
7.392819
7.466169
7.534459
7.598198
7.657824
7.713723
7.766234
7.815657
7.862255
7.906265
7.947896
7.987335
8.024752
8.060299
8.094111
8.126313
8.157018
8.186326
8.214332
8.241121
8.266769
8.291349
8.314926
8.337559
8.359305
8.403119
8.446932
8.490745
8.534559
8.578372
8.622185
8.665999
8.709812
8.753625
8.797439
8.841252
8.885065
8.928879
8.972692
9.016505
9.060319
9.104132
9.147946
9.191759
9.235572
9.279386
9.323199
9.367012
9.410826
9.446602
9.446602
9.446602
9.446602
9.446602
9.446602
9.446602
9.446602
9.446602
9.446602
9.446602
9.446602
9.446602
9.446602
9.446602
9.446602
9.446602
9.446602
9.446602
9.446602
9.446602
9.446602
9.446602
9.446602
9.446602
9.446602
9.446602
9.446602
9.446602
9.446602
9.446602
9.446602
9.446602
9.446602
9.446602
9.446602
9.446602
9.446602
9.446602
9.446602
9.446602
9.446602
9.446602
9.446602
9.446602
9.446602
9.446602
9.400282
9.348525
9.296768
9.245012
9.193255
9.141499
9.089742
9.037986
8.986229
8.934473
8.882716
8.830959
8.779203
8.727446
8.675690
8.623933
8.572177
8.520420
8.468664
8.416907
8.365150
8.313394
8.261637
8.209881
8.158124
8.106368
8.054611
8.002855
7.951098
7.899341
7.847585
7.795828
7.744072
7.692315
7.640559
7.588802
7.537046
7.485289
7.435313
7.474423
7.513532
7.552641
7.591751
7.630860
7.669969
7.709079
7.748188
7.787297
7.826407
7.865516
7.904625
7.990055
8.080921
8.171786
8.262652
8.353518
8.444384
8.535250
8.626116
8.716982
8.807848
8.898713
8.989579
9.080445
9.171311
9.262177
9.353043
9.443909
9.534774
9.625640
9.716506
9.807372
9.898238
9.989104
10.079970
10.170835
10.261701
10.359275
10.648268
10.937262
11.226256
11.515250
11.804243
12.093237
12.382231
12.671225
12.960218
13.249212
13.538206
13.825419
14.023547
14.221674
14.419802
14.617930
14.816058
15.014186
15.212314
15.410442
15.608570
15.806698
16.004825
16.202953
16.401081
16.599209
16.797337
16.995465
17.193593
17.391721
17.589849
17.787976
17.986104
18.184232
18.382360
18.580488
18.778616
18.976744
19.174872
19.373000
19.571128
19.769255
19.967383
20.165511
20.363639
20.561767
20.759895
20.958023
21.156151
21.354279
21.545699
21.545699
21.545699
21.545699
21.545699
21.545699
21.545699
21.545699
21.545699
21.545699
21.545699
21.545699
21.545699
21.545699
21.545699
21.545699
21.545699
21.545699
21.545699
21.545699
21.545699
21.545699
21.545699
21.545699
21.545699
21.545699
21.545699
21.545699
21.545699
21.545699
21.545699
21.545699
21.545699
21.545699
21.545699
21.545699
21.545699
21.545699
21.545699
21.545699
21.545699
21.545699
21.545699
21.545699
21.545699
21.545699
21.545699
21.545699
21.545699
21.545699
21.545699
21.545699
21.545699
21.545699
21.545699
21.545699
21.545699
21.545699
21.545699
21.545699
21.545699
21.545699
21.545699
21.545699
21.545699
21.545699
21.545699
21.545699
21.545699
21.545699
21.545699
21.545699
21.545699
21.545699
21.545699
21.545699
21.545699
21.545699
21.545699
21.545699
21.545699
21.545699
21.545699
21.545699
21.545699
21.545699
21.545699
21.545699
21.545699
21.545699
21.545699
21.545699
21.545699
21.545699
21.545699
21.545699
21.545699
21.545699
21.545699
21.545699
21.545699
21.545699
21.545699
21.545699
21.545699
21.545699
21.545699
21.545699
21.545699
21.545699
21.545699
21.545699
21.545699
21.545699
21.545699
21.545699
21.545699
21.545699
21.545699
21.545699
21.545699
21.545699
21.545699
21.545699
21.545699
21.545699
21.545699
21.545699
21.545699
21.545699
21.545699
21.545699
21.545699
21.545699
21.545699
21.545699
21.545699
21.545699
21.545699
21.545699
21.545699
21.545699
21.545699
21.545699
21.545699
21.545699
21.545699
21.545699
21.545699
21.545699
21.545699
21.545699
21.545699
21.545699
21.545699
21.545699
21.545699
21.545699
21.545699
21.545699
21.545699
21.545699
21.545699
21.545699
21.545699
21.545699
21.545699
21.545699
21.545699
21.545699
21.545699
21.545699
21.545699
21.545699
21.545699
21.545699
21.545699
21.545699
21.545699
21.545699
21.545699
21.545699
21.545699
21.545699
21.545699
21.545699
21.545699
21.545699
21.545699
21.545699
21.545699
21.545699
21.545699
21.545699
21.545699
21.545699
21.545699
21.545699
21.545699
21.545699
21.545699
21.545699
21.545699
21.545699
21.545699
21.545699
21.545699
21.545699
21.545699
21.545699
21.545699
21.545699
21.545699
21.545699
21.545699
21.545699
21.545699
21.545699
21.545699
21.545699
21.545699
21.545699
21.545699
21.545699
21.545699
21.545699
21.545699
21.545699
21.545699
21.545699
21.545699
21.545699
21.545699
21.545699
21.545699
21.545699
21.545699
21.545699
21.545699
21.545699
21.545699
21.545699
21.545699
21.545699
21.545699
21.545699
21.545699
21.545699
21.545699
21.545699
21.545699
21.545699
21.545699
21.545699
21.545699
21.545699
21.545699
21.545699
21.545699
21.545699
21.545699
21.545699
21.545699
21.545699
21.545699
21.545699
21.545699
21.545699
21.545699
21.545699
21.545699
21.545699
21.545699
21.545699
21.545699
21.545699
21.545699
21.545699
21.545699
21.545699
21.545699
21.545699
21.545699
21.545699
21.545699
21.545699
21.545699
21.545699
21.545699
21.545699
21.545699
21.545699
21.545699
21.545699
21.545699
21.545699
21.545699
21.545699
21.545699
21.545699
21.545699
21.545699
21.545699
21.545699
21.545699
21.545699
21.545699
21.545699
21.545699
21.545699
21.545699
21.545699
21.545699
21.545699
21.545699
21.545699
21.545699
21.545699
21.545699
21.545699
21.545699
21.545699
21.545699
21.545699
21.545699
21.545699
21.545699
21.545699
21.545699
21.545699
21.545699
21.545699
21.545699
21.545699
21.545699
21.545699
21.545699
21.545699
21.545699
21.545699
21.545699
21.545699
21.545699
21.545699
21.545699
21.545699
21.545699
21.545699
21.545699
21.545699
21.545699
21.545699
21.545699
21.545699
21.545699
21.545699
21.545699
21.545699
21.545699
21.545699
21.545699
21.545699
21.545699
21.545699
21.545699
21.545699
21.545699
21.545699
21.545699
21.545699
21.545699
21.545699
21.545699
21.545699
21.545699
21.545699
21.545699
21.545699
21.545699
21.545699
21.545699
21.545699
21.545699
21.545699
21.545699
21.545699
21.545699
21.545699
21.545699
21.545699
21.545699
21.545699
21.545699
21.545699
21.545699
21.545699
21.545699
21.545699
21.545699
21.545699
21.545699
21.545699
21.545699
21.545699
21.545699
21.545699
21.545699
21.545699
21.545699
21.545699
21.545699
21.545699
21.545699
21.545699
21.545699
21.545699
21.545699
21.545699
21.545699
21.545699
21.545699
21.545699
21.545699
21.545699
21.545699
21.545699
21.545699
21.545699
21.545699
21.545699
21.545699
21.545699
21.545699
21.545699
21.545699
21.545699
21.545699
21.545699
21.545699
21.545699
21.545699
21.545699
21.545699
21.545699
21.545699
21.545699
21.545699
21.545699
21.545699
21.545699
21.545699
21.545699
21.545699
21.545699
21.545699
21.545699
21.545699
21.545699
21.545699
21.545699
21.545699
21.545699
21.545699
21.545699
21.545699
21.545699
21.545699
21.545699
21.545699
21.545699
21.545699
21.545699
21.545699
21.545699
21.545699
21.545699
21.545699
21.545699
21.545699
21.545699
21.545699
21.545699
21.545699
21.545699
21.545699
21.545699
21.545699
21.545699
21.545699
21.545699
21.545699
21.545699
21.545699
21.545699
21.545699
21.545699
21.545699
21.545699
21.545699
21.545699
21.545699
21.545699
21.545699
21.545699
21.545699
21.545699
21.545699
21.545699
21.545699
21.545699
21.545699
21.545699
21.545699
21.545699
21.545699
21.545699
21.545699
21.545699
21.545699
21.545699
21.545699
21.545699
21.545699
21.545699
21.545699
21.545699
21.545699
21.545699
21.545699
21.545699
21.545699
21.545699
21.545699
21.545699
21.545699
21.545699
21.545699
21.545699
21.545699
21.545699
21.545699
21.545699
21.545699
21.545699
21.545699
21.545699
21.545699
21.545699
21.545699
21.545699
21.545699
21.545699
21.545699
21.545699
21.545699
21.545699
21.545699
21.545699
21.545699
21.545699
21.545699
21.545699
21.545699
21.545699
21.545699
21.545699
21.545699
21.545699
21.545699
21.545699
21.545699
21.545699
21.545699
21.545699
21.545699
21.545699
21.545699
21.545699
21.545699
21.545699
21.545699
21.545699
21.545699
21.545699
21.545699
21.545699
21.545699
21.545699
21.545699
21.545699
21.545699
21.545699
21.545699
21.545699
21.545699
21.545699
21.545699
21.545699
21.545699
21.545699
21.545699
21.545699
21.545699
21.545699
21.545699
21.545699
21.545699
21.545699
21.545699
21.545699
21.545699
21.545699
21.545699
21.545699
21.545699
21.545699
21.545699
21.545699
21.545699
21.545699
21.545699
21.545699
21.545699
21.545699
21.545699
21.545699
21.545699
21.545699
21.545699
21.545699
21.545699
21.545699
21.545699
21.545699
21.545699
21.545699
21.545699
21.545699
21.545699
21.545699
21.545699
21.545699
21.545699
21.545699
21.545699
21.545699
21.545699
21.545699
21.545699
21.545699
21.545699
21.545699
21.545699
21.545699
21.545699
21.545699
21.545699
21.545699
21.545699
21.545699
21.545699
21.545699
21.545699
21.545699
21.545699
21.545699
21.545699
21.545699
21.545699
21.545699
21.545699
21.545699
21.545699
21.545699
21.545699
21.545699
21.545699
21.545699
21.545699
21.545699
21.545699
21.545699
21.545699
21.545699
21.545699
21.545699
21.545699
21.545699
21.545699
21.545699
21.545699
21.545699
21.545699
21.545699
21.545699
21.545699
21.545699
21.545699
21.545699
21.545699
21.545699
21.545699
21.545699
21.545699
21.545699
21.545699
21.545699
21.545699
21.545699
21.545699
21.545699
21.545699
21.545699
21.545699
21.545699
21.545699
21.545699
21.545699
21.545699
21.545699
21.545699
21.545699
21.545699
21.545699
21.545699
21.545699
21.545699
21.545699
21.545699
21.545699
21.545699
21.545699
21.545699
21.545699
21.545699
21.545699
21.545699
21.545699
21.545699
21.545699
21.545699
21.545699
21.545699
21.545699
21.545699
21.545699
21.545699
21.545699
21.545699
21.545699
21.545699
21.545699
21.545699
21.545699
21.545699
21.545699
21.545699
21.545699
21.545699
21.545699
21.545699
21.545699
21.545699
21.545699
21.545699
21.545699
21.545699
21.545699
21.545699
21.545699
21.545699
21.545699
21.545699
21.545699
21.545699
21.545699
21.545699
21.545699
21.545699
21.545699
21.545699
21.545699
21.545699
21.545699
21.545699
21.545699
21.545699
21.545699
21.545699
21.545699
21.545699
21.545699
21.545699
21.545699
21.545699
21.545699
21.545699
21.545699
21.545699
21.545699
21.545699
21.545699
21.545699
21.545699
21.545699
21.545699
21.545699
21.545699
21.545699
21.545699
21.545699
21.545699
21.545699
21.545699
21.545699
21.545699
21.545699
21.545699
21.545699
21.545699
21.545699
21.545699
21.545699
21.545699
21.545699
21.545699
21.545699
21.545699
21.545699
21.545699
21.545699
21.545699
21.545699
21.545699
21.545699
21.545699
21.545699
21.545699
21.545699
21.545699
21.545699
21.545699
21.545699
21.545699
21.545699
21.545699
21.545699
21.545699
21.545699
21.545699
21.545699
21.545699
21.545699
21.545699
21.545699
21.545699
21.545699
21.545699
21.545699
21.545699
21.545699
21.545699
21.545699
21.545699
21.545699
21.545699
21.545699
21.545699
21.545699
21.545699
21.545699
21.545699
21.545699
21.545699
21.545699
21.545699
21.545699
21.545699
21.545699
21.545699
21.545699
21.545699
21.545699
21.545699
21.545699
21.545699
21.545699
21.545699
21.545699
21.545699
21.545699
21.545699
21.545699
21.545699
21.545699
21.545699
21.545699
21.545699
21.545699
21.545699
21.545699
21.545699
21.545699
21.545699
21.545699
21.545699
21.545699
21.545699
21.545699
21.545699
21.545699
21.545699
21.545699
21.545699
21.545699
21.545699
21.545699
21.545699
21.545699
21.545699
21.545699
21.545699
21.545699
21.545699
21.545699
21.545699
21.545699
21.545699
21.545699
21.545699
21.545699
21.545699
21.545699
21.545699
21.545699
21.545699
21.545699
21.545699
21.545699
21.545699
21.545699
21.545699
21.545699
21.545699
21.545699
21.545699
21.545699
21.545699
21.545699
21.545699
21.545699
21.545699
21.545699
21.545699
21.545699
21.545699
21.545699
21.545699
21.545699
21.545699
21.545699
21.545699
21.545699
21.545699
21.545699
21.545699
21.545699
21.545699
21.545699
21.545699
21.545699
21.545699
21.545699
21.545699
21.545699
21.545699
21.545699
21.545699
21.545699
21.545699
21.545699
21.545699
21.545699
21.545699
21.545699
21.545699
21.545699
21.545699
21.545699
21.545699
21.545699
21.545699
21.545699
21.545699
21.545699
21.545699
21.545699
21.545699
21.545699
21.545699
21.545699
21.545699
21.545699
21.545699
21.545699
21.545699
21.545699
21.545699
21.545699
21.545699
21.545699
21.545699
21.545699
21.545699
21.545699
21.545699
21.545699
21.545699
21.545699
21.545699
21.545699
21.545699
21.545699
21.545699
21.545699
21.545699
21.545699
21.545699
21.545699
21.545699
21.545699
21.545699
21.545699
21.545699
21.545699
21.545699
21.545699
21.545699
21.545699
21.545699
21.545699
21.545699
21.545699
21.545699
21.545699
21.545699
21.545699
21.545699
21.545699
21.545699
21.545699
21.545699
21.545699
21.545699
21.545699
21.545699
21.545699
21.545699
21.545699
21.545699
21.545699
21.545699
21.545699
21.545699
21.545699
21.545699
21.545699
21.545699
21.545699
21.545699
21.545699
21.545699
21.545699
21.545699
21.545699
21.545699
21.545699
21.545699
21.545699
21.545699
21.545699
21.545699
21.545699
21.545699
21.545699
21.545699
21.545699
21.545699
21.545699
21.545699
21.545699
21.545699
21.545699
21.545699
21.545699
21.545699
21.545699
21.545699
21.545699
21.545699
21.545699
21.545699
21.545699
21.545699
21.545699
21.545699
21.545699
21.545699
21.545699
21.545699
21.545699
21.545699
21.545699
21.545699
21.545699
21.545699
21.545699
21.545699
21.545699
21.545699
21.545699
21.545699
21.545699
21.545699
21.545699
21.545699
21.545699
21.545699
21.545699
21.545699
21.545699
21.545699
21.545699
21.545699
21.545699
21.545699
21.545699
21.545699
21.545699
21.545699
21.545699
21.545699
21.545699
21.545699
21.545699
21.545699
21.545699
21.545699
21.545699
21.545699
21.545699
21.545699
21.545699
21.545699
21.545699
21.545699
21.545699
21.545699
21.545699
21.545699
21.545699
21.545699
21.545699
21.545699
21.545699
21.545699
21.545699
21.545699
21.545699
21.545699
21.545699
21.545699
21.545699
21.545699
21.545699
21.545699
21.545699
21.545699
21.545699
21.545699
21.545699
21.545699
21.545699
21.545699
21.545699
21.545699
21.545699
21.545699
21.545699
21.545699
21.545699
21.545699
21.545699
21.545699
21.545699
21.545699
21.545699
21.545699
21.545699
21.545699
21.545699
21.545699
21.545699
21.545699
21.545699
21.545699
21.545699
21.545699
21.545699
21.545699
21.545699
21.545699
21.545699
21.545699
21.545699
21.545699
21.545699
21.545699
21.545699
21.545699
21.545699
21.545699
21.545699
21.545699
21.545699
21.545699
21.545699
21.545699
21.545699
21.545699
21.545699
21.545699
21.545699
21.545699
21.545699
21.545699
21.545699
21.545699
21.545699
21.545699
21.545699
21.545699
21.545699
21.545699
21.545699
21.545699
21.545699
21.545699
21.545699
21.545699
21.545699
21.545699
21.545699
21.545699
21.545699
21.545699
21.545699
21.545699
21.545699
21.545699
21.545699
21.545699
21.545699
21.545699
21.545699
21.545699
21.545699
21.545699
21.545699
21.545699
21.545699
21.545699
21.545699
21.545699
21.545699
21.545699
21.545699
21.545699
21.545699
21.545699
21.545699
21.545699
21.545699
21.545699
21.545699
21.545699
21.545699
21.545699
21.545699
21.545699
21.545699
21.545699
21.545699
21.545699
21.545699
21.545699
21.545699
21.545699
21.545699
21.545699
21.545699
21.545699
21.545699
21.545699
21.545699
21.545699
21.545699
21.545699
21.545699
21.545699
21.545699
21.545699
21.545699
21.545699
21.545699
21.545699
21.545699
21.545699
21.545699
21.545699
21.545699
21.545699
21.545699
21.545699
21.545699
21.545699
21.545699
21.545699
21.545699
21.545699
21.545699
21.545699
21.545699
21.545699
21.545699
21.545699
21.545699
21.545699
21.545699
21.545699
21.545699
21.545699
21.545699
21.545699
21.545699
21.545699
21.545699
21.545699
21.545699
21.545699
21.545699
21.545699
21.545699
21.545699
21.545699
21.545699
21.545699
21.545699
21.545699
21.545699
21.545699
21.545699
21.545699
21.545699
21.545699
21.545699
21.545699
21.545699
21.545699
21.545699
21.545699
21.545699
21.545699
21.545699
21.545699
21.545699
21.545699
21.545699
21.545699
21.545699
21.545699
21.545699
21.545699
21.545699
21.545699
21.545699
21.545699
21.545699
21.545699
21.545699
21.545699
21.545699
21.545699
21.545699
21.545699
21.545699
21.545699
21.545699
21.545699
21.545699
21.545699
21.545699
21.545699
21.545699
21.545699
21.545699
21.545699
21.545699
21.545699
21.545699
21.545699
21.545699
21.545699
21.545699
21.545699
21.545699
21.545699
21.545699
21.545699
21.545699
21.545699
21.545699
21.545699
21.545699
21.545699
21.545699
21.545699
21.545699
21.545699
21.545699
21.545699
21.545699
21.545699
21.545699
21.545699
21.545699
21.545699
21.545699
21.545699
21.545699
21.545699
21.545699
21.545699
21.545699
21.545699
21.545699
21.545699
21.545699
21.545699
21.545699
21.545699
21.545699
21.545699
21.545699
21.545699
21.545699
21.545699
21.545699
21.545699
21.545699
21.545699
21.545699
21.545699
21.545699
21.545699
21.545699
21.545699
21.545699
21.545699
21.545699
21.545699
21.545699
21.545699
21.545699
21.545699
21.545699
21.545699
21.545699
21.545699
21.545699
21.545699
21.545699
21.545699
21.545699
21.545699
21.545699
21.545699
21.545699
21.545699
21.545699
21.545699
21.545699
21.545699
21.545699
21.545699
21.545699
21.545699
21.545699
21.545699
21.545699
21.545699
21.545699
21.545699
21.545699
21.545699
21.545699
21.545699
21.545699
21.545699
21.545699
21.545699
21.545699
21.545699
21.545699
21.545699
21.545699
21.545699
21.545699
21.545699
21.545699
21.545699
21.545699
21.545699
21.545699
21.545699
21.545699
21.545699
21.545699
21.545699
21.545699
21.545699
21.545699
21.545699
21.545699
21.545699
21.545699
21.545699
21.545699
21.545699
21.545699
21.545699
21.545699
21.545699
21.545699
21.545699
21.545699
21.545699
21.545699
21.545699
21.545699
21.545699
21.545699
21.545699
21.545699
21.537925
21.437900
21.337875
21.237851
21.137826
21.037802
20.937777
20.837752
20.737728
20.637703
20.537679
20.437654
20.337629
20.237605
20.137580
19.983892
19.747735
19.511577
19.275420
19.039262
18.803104
18.566947
18.330789
18.094632
17.858474
17.622316
17.386159
17.150001
16.913843
16.677686
16.441528
16.205371
15.969213
15.733055
15.496898
15.260740
15.024583
14.788425
14.552267
14.316110
14.079952
13.843795
13.607637
13.371479
13.135322
12.899164
12.663007
12.426849
12.190691
11.954534
11.718376
11.489993
11.353860
11.217727
11.081594
10.945461
10.809328
10.673195
10.537062
10.400929
10.264796
10.128663
9.992530
9.856397
9.720264
9.584131
9.501661
9.501661
9.501661
9.501661
9.501661
9.501661
9.501661
9.501661
9.501661
9.501661
9.501661
9.501661
9.501661
9.501661
9.501661
9.501661
9.501661
9.501661
9.501661
9.501661
9.501661
9.501661
9.501661
9.501661
9.501661
9.501661
9.501661
9.501661
9.501661
9.501661
9.501661
9.501661
9.501661
9.501661
9.501661
9.501661
9.501661
9.501661
9.501661
9.501661
9.501661
9.501661
9.501661
9.501661
9.501661
9.501661
9.501661
9.501661
9.501661
9.501661
9.501661
9.501661
9.501661
9.501661
9.501661
9.501661
9.501661
9.501661
9.501661
9.501661
9.501661
9.501661
9.501661
9.501661
9.501661
9.501661
9.501661
9.501661
9.501661
9.501661
9.501661
9.501661
9.501661
9.501661
9.501661
9.501661
9.501661
9.501661
9.501661
9.501661
9.501661
9.501661
9.501661
9.501661
9.501661
9.501661
9.501661
9.501661
9.501661
9.501661
9.501661
9.501661
9.501661
9.501661
9.501661
9.501661
9.501661
9.501661
9.501661
9.501661
9.501661
9.501661
9.501661
9.501661
9.501661
9.501661
9.501661
9.501661
9.501661
9.501661
9.501661
9.501661
9.501661
9.501661
9.501661
9.501661
9.501661
9.501661
9.501661
9.501661
9.501661
9.501661
9.501661
9.501661
9.501661
9.501661
9.501661
9.501661
9.501661
9.501661
9.501661
9.501661
9.501661
9.501661
9.501661
9.501661
9.501661
9.501661
9.501661
9.501661
9.501661
9.501661
9.501661
9.501661
9.501661
9.501661
9.501661
9.501661
9.501661
9.501661
9.501661
9.501661
9.501661
9.501661
9.501661
9.501661
9.501661
9.501661
9.501661
9.501661
9.501661
9.501661
9.501661
9.501661
9.501661
9.501661
9.501661
9.501661
9.501661
9.501661
9.501661
9.501661
9.501661
9.501661
9.501661
9.501661
9.501661
9.501661
9.501661
9.501661
9.501661
9.501661
9.501661
9.501661
9.501661
9.501661
9.501661
9.501661
9.501661
9.501661
9.501661
9.501661
9.501661
9.501661
9.501661
9.501661
9.501661
9.501661
9.501661
9.501661
9.501661
9.501661
9.501661
9.501661
9.501661
9.501661
9.501661
9.501661
9.501661
9.501661
9.501661
9.501661
9.501661
9.501661
9.501661
9.501661
9.501661
9.501661
9.501661
9.501661
9.501661
9.501661
9.501661
9.501661
9.501661
9.501661
9.501661
9.501661
9.501661
9.501661
9.501661
9.501661
9.501661
9.501661
9.501661
9.501661
9.501661
9.501661
9.501661
9.501661
9.501661
9.501661
9.501661
9.501661
9.501661
9.501661
9.501661
9.501661
9.501661
9.501661
9.501661
9.501661
9.501661
9.501661
9.501661
9.501661
9.501661
9.501661
9.501661
9.501661
9.501661