2.462289
2.462289
2.462289
2.462289
2.462289
2.462289
2.462289
2.462289
2.462289
2.462291
2.462303
2.462349
2.462501
2.462919
2.463909
2.465963
2.469762
2.476118
2.485842
2.499582
2.517653
2.539932
2.565829
2.59436
2.624282
2.654271
2.683096
2.709746
2.733511
2.754
2.771116
2.784998
2.795947
2.80436
2.810666
2.815283
2.818589
2.820907
2.822499
2.823573
2.824283
2.824745
2.825041
2.825227
2.825342
2.825412
2.825455
2.82548
2.825495
2.825503
2.825508
2.825511
2.825512
2.825513
2.825514
2.825514
2.825514
2.825514
2.825514
2.825514
2.825514
2.825514
2.825514
2.825514
2.825514
2.825514
2.825514
2.825514
2.825514
2.825514
2.825514
2.825514
2.825514
2.825514
2.825514
2.825514
2.825514
2.825514
2.825514
2.825513
2.825512
2.825511
2.825508
2.825503
2.825494
2.82548
2.825455
2.825415
2.825352
2.825251
2.825097
2.824861
2.82451
2.823993
2.823246
2.822183
2.820695
2.818642
2.815853
2.81212
2.807198
2.800798
2.792595
2.782228
2.769304
2.753409
2.734119
2.711014
2.683697
2.65181
2.615051
2.573201
2.526134
2.473834
2.416409
2.354093
2.287251
2.216371
2.142058
2.065012
1.986016
1.905904
1.825539
1.74579
1.6675
1.591467
1.518422
1.449016
1.383809
1.323264
1.267752
1.217551
1.172866
1.133836
1.100555
1.073086
1.051484
1.035811
1.026151
1.022622
1.025384
1.034643
1.050649
1.073688
1.104074
1.142131
1.188172
1.242482
1.305292
1.376752
1.456916
1.545716
1.642947
1.74826
1.861155
1.980982
2.106951
2.238152
2.373575
2.512141
2.652739
2.794267
2.935676
3.076014
3.214477
3.350455
3.483578
3.613762
3.741247
3.866637
3.99093
4.11555
4.242361
4.373686
4.512304
4.66145
4.824795
5.00641
5.210725
5.442458
5.706544
6.008029
6.35196
6.743254
7.186556
7.686088
8.245494
8.867688
9.554706
10.307574
11.126203
12.009302
12.954328
13.957481
15.013726
16.116864
17.259646
18.43392
19.630807
20.840917
22.054565
23.262014
24.453703
25.620477
26.753795
27.845912
28.890032
29.880421
30.812487
31.682815
32.489169
33.230451
33.906637
34.518683
35.068407
35.558363
35.991704
36.372042
36.703314
36.989655
37.23528
37.444381
37.621042
37.76917
37.892436
37.994242
38.077692
38.145583
38.2004
38.244332
38.279275
38.306863
38.32848
38.345292
38.35827
38.368215
38.375777
38.381486
38.385763
38.388944
38.391292
38.393013
38.394264
38.395167
38.395814
38.396274
38.396599
38.396827
38.396985
38.397094
38.397169
38.39722
38.397254
38.397277
38.397293
38.397303
38.397309
38.397314
38.397316
38.397318
38.397319
38.39732
38.39732
38.397321
38.397321
38.397321
38.397321
38.397321
38.397321
38.397321
38.397321
38.397321
38.397321
38.397321
38.397321
38.397321
38.397321
38.397321
38.397321
38.397321
38.397321
38.397321
38.397321
38.397321
38.397321
38.397321
38.397321
38.397321
38.397321
38.397321
38.397321
38.397321
38.397321
38.397321
38.397321
38.397321
38.397321
38.397321
38.397321
38.397321
38.397321
38.397321
38.397321
38.397321
38.397321
38.397321
38.397321
38.397321
38.397321
38.397321
38.397321
38.397321
38.397321
38.397321
38.397321
38.397321
38.397321
38.397321
38.397321
38.397321
38.397321
38.397321
38.397321
38.397321
38.397321
38.397321
38.397321
38.397321
38.397321
38.397321
38.397321
38.397321
38.397321
38.397321
38.397321
38.397321
38.397321
38.397321
38.397321
38.397321
38.397321
38.397321
38.397321
38.397321
38.397321
38.397321
38.397321
38.397321
38.397321
38.397321
38.397321
38.397321
38.397321
38.397321
38.397321
38.397321
38.397321
38.397321
38.397321
38.397321
38.397321
38.397321
38.397321
38.397321
38.397321
38.397321
38.397321
38.397321
38.397321
38.397321
38.397321
38.397321
38.397321
38.397321
38.397321
38.397321
38.397321
38.397321
38.397321
38.397321
38.397321
38.397321
38.397321
38.397321
38.397321
38.397321
38.397321
38.397321
38.397321
38.397321
38.397321
38.397321
38.397321
38.397321
38.397321
38.397321
38.397321
38.397321
38.397321
38.397321
38.397321
38.397321
38.397321
38.397321
38.397321
38.397321
38.397321
38.397321
38.397321
38.397321
38.397321
38.397321
38.397321
38.397321
38.397321
38.397321
38.397321
38.397321
38.397321
38.397321
38.397321
38.397321
38.397321
38.397321
38.397321
38.397321
38.397321
38.397321
38.397321
38.397321
38.397321
38.397321
38.397321
38.397321
38.397321
38.397321
38.397321
38.397321
38.397321
38.397321
38.397321
38.397321
38.397321
38.397321
38.397321
38.397321
38.397321
38.397321
38.397321
38.397321
38.397321
38.397321
38.397321
38.397321
38.397321
38.397321
38.397321
38.397321
38.397321
38.397321
38.397321
38.397321
38.397321
38.397321
38.397321
38.397321
38.397321
38.397321
38.397321
38.397321
38.397321
38.397321
38.397321
38.397321
38.397321
38.397321
38.397321
38.397321
38.397321
38.397321
38.397321
38.397321
38.397321
38.397321
38.397321
38.397321
38.397321
38.397321
38.397321
38.397321
38.397321
38.397321
38.397321
38.397321
38.397321
38.397321
38.397321
38.397321
38.397321
38.397321
38.397321
38.397321
38.397321
38.397321
38.397321
38.397321
38.397321
38.397321
38.397321
38.397321
38.397321
38.397321
38.397321
38.397321
38.397321
38.397321
38.397321
38.397321
38.397321
38.397321
38.397321
38.397321
38.397321
38.397321
38.397321
38.397321
38.397321
38.397321
38.397321
38.397321
38.397321
38.397321
38.397321
38.397321
38.397321
38.397321
38.397321
38.397321
38.397321
38.397321
38.397321
38.397321
38.397321
38.397321
38.397321
38.397321
38.397321
38.397321
38.397321
38.397321
38.397321
38.397321
38.397321
38.397321
38.397321
38.397321
38.397321
38.397321
38.397321
38.397321
38.397321
38.397321
38.397321
38.397321
38.397321
38.397321
38.397321
38.397321
38.397321
38.397321
38.397321
38.397321
38.397321
38.397321
38.397321
38.397321
38.397321
38.397321
38.397321
38.397321
38.397321
38.397321
38.397321
38.397321
38.397321
38.397321
38.397321
38.397321
38.397321
38.397321
38.397321
38.397321
38.397321
38.397321
38.397321
38.397321
38.397321
38.397321
38.397321
38.397321
38.397321
38.397321
38.397321
38.397321
38.397321
38.397321
38.397321
38.397321
38.397321
38.397321
38.397321
38.397321
38.397321
38.397321
38.397321
38.397321
38.397321
38.397321
38.397321
38.397321
38.397321
38.397321
38.397321
38.397321
38.397321
38.397321
38.397321
38.397321
38.397321
38.397321
38.397321
38.397321
38.397321
38.397321
38.397321
38.397321
38.397321
38.397321
38.397321
38.397321
38.397321
38.397321
38.397321
38.397321
38.397321
38.397321
38.397321
38.397321
38.397321
38.397321
38.397321
38.397321
38.397321
38.397321
38.397321
38.397321
38.397321
38.397321
38.397321
38.397321
38.397321
38.397321
38.397321
38.397321
38.397321
38.397321
38.397321
38.397321
38.397321
38.397321
38.397321
38.397321
38.397321
38.397321
38.397321
38.397321
38.397321
38.397321
38.397321
38.397321
38.397321
38.397321
38.397321
38.397321
38.397321
38.397321
38.397321
38.397321
38.397321
38.397321
38.397321
38.397321
38.397321
38.397321
38.397321
38.397321
38.397321
38.397321
38.397321
38.397321
38.397321
38.397321
38.397321
38.397321
38.397321
38.397321
38.397321
38.397321
38.397321
38.397321
38.397321
38.397321
38.397321
38.397321
38.397321
38.397321
38.397321
38.397321
38.397321
38.397321
38.397321
38.397321
38.397321
38.397321
38.397321
38.397321
38.397321
38.397321
38.397321
38.397321
38.397321
38.397321
38.397321
38.397321
38.397321
38.397321
38.397321
38.397321
38.397321
38.397321
38.397321
38.397321
38.397321
38.397321
38.397321
38.397321
38.397321
38.397321
38.397321
38.397321
38.397321
38.397321
38.397321
38.397321
38.397321
38.397321
38.397321
38.397321
38.397321
38.397321
38.397321
38.397321
38.397321
38.397321
38.397321
38.397321
38.397321
38.397321
38.397321
38.397321
38.397321
38.397321
38.397321
38.397321
38.397321
38.397321
38.397321
38.397321
38.397321
38.397321
38.397321
38.397321
38.397321
38.397321
38.397321
38.397321
38.397321
38.397321
38.397321
38.397321
38.397321
38.397321
38.397321
38.397321
38.397321
38.397321
38.397321
38.397321
38.397321
38.397321
38.397321
38.397321
38.397321
38.397321
38.397321
38.397321
38.397321
38.397321
38.397321
38.397321
38.397321
38.397321
38.397321
38.397321
38.397321
38.397321
38.397321
38.397321
38.397321
38.397321
38.397321
38.397321
38.397321
38.397321
38.397321
38.397321
38.397321
38.397321
38.397321
38.397321
38.397321
38.397321
38.397321
38.397321
38.397321
38.397321
38.397321
38.397321
38.397321
38.397321
38.397321
38.397321
38.397321
38.397321
38.397321
38.397321
38.397321
38.397321
38.397321
38.397321
38.397321
38.397321
38.397321
38.397321
38.397321
38.397321
38.397321
38.397321
38.397321
38.397321
38.397321
38.397321
38.397321
38.397321
38.397321
38.397321
38.397321
38.397321
38.397321
38.397321
38.397321
38.397321
38.397321
38.397321
38.397321
38.397321
38.397321
38.397321
38.397321
38.397321
38.397321
38.397321
38.397321
38.397321
38.397321
38.397321
38.397321
38.397321
38.397321
38.397321
38.397321
38.397321
38.397321
38.397321
38.397321
38.397321
38.397321
38.397321
38.397321
38.397321
38.397321
38.397321
38.397321
38.397321
38.397321
38.397321
38.397321
38.397321
38.397321
38.397321
38.397321
38.397321
38.397321
38.397321
38.397321
38.397321
38.397321
38.397321
38.397321
38.397321
38.397321
38.397321
38.397321
38.397321
38.397321
38.397321
38.397321
38.397321
38.397321
38.397321
38.397321
38.397321
38.397321
38.397321
38.397321
38.397321
38.397321
38.397321
38.397321
38.397321
38.397321
38.397321
38.397321
38.397321
38.397321
38.397321
38.397321
38.397321
38.397321
38.397321
38.397321
38.397321
38.397321
38.397321
38.397321
38.397321
38.397321
38.397321
38.397321
38.397321
38.397321
38.397321
38.397321
38.397321
38.397321
38.397321
38.397321
38.397321
38.397321
38.397321
38.397321
38.397321
38.397321
38.397321
38.397321
38.397321
38.397321
38.397321
38.397321
38.397321
38.397321
38.397321
38.397321
38.397321
38.397321
38.397321
38.397321
38.397321
38.397321
38.397321
38.397321
38.397321
38.397321
38.397321
38.397321
38.397321
38.397321
38.397321
38.397321
38.397321
38.397321
38.397321
38.397321
38.397321
38.397321
38.397321
38.397321
38.397321
38.397321
38.397321
38.397321
38.397321
38.397321
38.397321
38.397321
38.397321
38.397321
38.397321
38.397321
38.397321
38.397321
38.397321
38.397321
38.397321
38.397321
38.397321
38.397321
38.397321
38.397321
38.397321
38.397321
38.397321
38.397321
38.397321
38.397321
38.397321
38.397321
38.397321
38.397321
38.397321
38.397321
38.397321
38.397321
38.397321
38.397321
38.397321
38.397321
38.397321
38.397321
38.397321
38.397321
38.397321
38.397321
38.397321
38.397321
38.397321
38.397321
38.397321
38.397321
38.397321
38.397321
38.397321
38.397321
38.397321
38.397321
38.397321
38.397321
38.397321
38.397321
38.397321
38.397321
38.397321
38.397321
38.397321
38.397321
38.397321
38.397321
38.397321
38.397321
38.397321
38.397321
38.397321
38.397321
38.397321
38.397321
38.397321
38.397321
38.397321
38.397321
38.397321
38.397321
38.397321
38.397321
38.397321
38.397321
38.397321
38.397321
38.397321
38.397321
38.397321
38.397321
38.397321
38.397321
38.397321
38.397321
38.397321
38.397321
38.397321
38.397321
38.397321
38.397321
38.397321
38.397321
38.397321
38.397321
38.397321
38.397321
38.397321
38.397321
38.397321
38.397321
38.397321
38.397321
38.397321
38.397321
38.397321
38.397321
38.397321
38.397321
38.397321
38.397321
38.397321
38.397321
38.397321
38.397321
38.397321
38.397321
38.397321
38.397321
38.397321
38.397321
38.397321
38.397321
38.397321
38.397321
38.397321
38.397321
38.397321
38.397321
38.397321
38.397321
38.397321
38.397321
38.397321
38.397321
38.397321
38.397321
38.397321
38.397321
38.397321
38.397321
38.397321
38.397321
38.397321
38.397321
38.397321
38.397321
38.397321
38.397321
38.397321
38.397321
38.397321
38.397321
38.397321
38.397321
38.397321
38.397321
38.397321
38.397321
38.397321
38.397321
38.397321
38.397321
38.397321
38.397321
38.397321
38.397321
38.397321
38.397321
38.397321
38.397321
38.397321
38.397321
38.397321
38.397321
38.397321
38.397321
38.397321
38.397321
38.397321
38.397321
38.397321
38.397321
38.397321
38.397321
38.397321
38.397321
38.397321
38.397321
38.397321
38.397321
38.397321
38.397321
38.397321
38.397321
38.397321
38.397321
38.397321
38.397321
38.397321
38.397321
38.397321
38.397321
38.397321
38.397321
38.397321
38.397321
38.397321
38.397321
38.397321
38.397321
38.397321
38.397321
38.397321
38.397321
38.397321
38.397321
38.397321
38.397321
38.397321
38.397321
38.397321
38.397321
38.397321
38.397321
38.397321
38.397321
38.397321
38.397321
38.397321
38.397321
38.397321
38.397321
38.397321
38.397321
38.397321
38.397321
38.397321
38.397321
38.397321
38.397321
38.397321
38.397321
38.397321
38.397321
38.397321
38.397321
38.397321
38.397321
38.397321
38.397321
38.397321
38.397321
38.397321
38.397321
38.397321
38.397321
38.397321
38.397321
38.397321
38.397321
38.397321
38.397321
38.397321
38.397321
38.397321
38.397321
38.397321
38.397321
38.397321
38.397321
38.397321
38.397321
38.397321
38.397321
38.397321
38.397321
38.397321
38.397321
38.397321
38.397321
38.397321
38.397321
38.397321
38.397321
38.397321
38.397321
38.397321
38.397321
38.397321
38.397321
38.397321
38.397321
38.397321
38.397321
38.397321
38.397321
38.397321
38.397321
38.397321
38.397321
38.397321
38.397321
38.397321
38.397321
38.397321
38.397321
38.397321
38.397321
38.397321
38.397321
38.397321
38.397321
38.397321
38.397321
38.397321
38.397321
38.397321
38.397321
38.397321
38.397321
38.397321
38.397321
38.397321
38.397321
38.397321
38.397321
38.397321
38.397321
38.397321
38.397321
38.397321
38.397321
38.397321
38.397321
38.397321
38.397321
38.397321
38.397321
38.397321
38.397321
38.397321
38.397321
38.397321
38.397321
38.397321
38.397321
38.397321
38.397321
38.397321
38.397321
38.397321
38.397321
38.397321
38.397321
38.397321
38.397321
38.397321
38.397321
38.397321
38.397321
38.397321
38.397321
38.397321
38.397321
38.397321
38.397321
38.397321
38.397321
38.397321
38.397321
38.397321
38.397321
38.397321
38.397321
38.397321
38.397321
38.397321
38.397321
38.397321
38.397321
38.397321
38.397321
38.397321
38.397321
38.397321
38.397321
38.397321
38.397321
38.397321
38.397321
38.397321
38.397321
38.397321
38.397321
38.397321
38.397321
38.397321
38.397321
38.397321
38.397321
38.397321
38.397321
38.397321
38.397321
38.397321
38.397321
38.397321
38.397321
38.397321
38.397321
38.397321
38.397321
38.397321
38.397321
38.397321
38.397321
38.397321
38.397321
38.397321
38.397321
38.397321
38.397321
38.397321
38.397321
38.397321
38.397321
38.397321
38.397321
38.397321
38.397321
38.397321
38.397321
38.397321
38.397321
38.397321
38.397321
38.397321
38.397321
38.397321
38.397321
38.397321
38.397321
38.397321
38.397321
38.397321
38.397321
38.397321
38.397321
38.397321
38.397321
38.397321
38.397321
38.397321
38.397321
38.397321
38.397321
38.397321
38.397321
38.397321
38.397321
38.397321
38.397321
38.397321
38.397321
38.397321
38.397321
38.397321
38.397321
38.397321
38.397321
38.397321
38.397321
38.397321
38.397321
38.397321
38.397321
38.397321
38.397321
38.397321
38.397321
38.397321
38.397321
38.397321
38.397321
38.397321
38.397321
38.397321
38.397321
38.397321
38.397321
38.397321
38.397321
38.397321
38.397321
38.397321
38.397321
38.397321
38.397321
38.397321
38.397321
38.397321
38.397321
38.397321
38.397321
38.397321
38.397321
38.397321
38.397321
38.397321
38.397321
38.397321
38.397321
38.397321
38.397321
38.397321
38.397321
38.397321
38.397321
38.397321
38.397321
38.397321
38.397321
38.397321
38.397321
38.397321
38.397321
38.397321
38.397321
38.397321
38.397321
38.397321
38.397321
38.397321
38.397321
38.397321
38.397321
38.397321
38.397321
38.397321
38.397321
38.397321
38.397321
38.397321
38.397321
38.397321
38.397321
38.397321
38.397321
38.397321
38.397321
38.397321
38.397321
38.397321
38.397321
38.397321
38.397321
38.397321
38.397321
38.397321
38.397321
38.397321
38.397321
38.397321
38.397321
38.397321
38.397321
38.397321
38.397321
38.397321
38.397321
38.397321
38.397321
38.397321
38.397321
38.397321
38.397321
38.397321
38.397321
38.397321
38.397321
38.397321
38.397321
38.397321
38.397321
38.397321
38.397321
38.397321
38.397321
38.397321
38.397321
38.397321
38.397321
38.397321
38.397321
38.397321
38.397321
38.397321
38.397321
38.397321
38.397321
38.397321
38.397321
38.397321
38.397321
38.397321
38.397321
38.397321
38.397321
38.397321
38.397321
38.397321
38.397321
38.397321
38.397321
38.397321
38.397321
38.397321
38.397321
38.397321
38.397321
38.397321
38.397321
38.397321
38.397321
38.397321
38.397321
38.397321
38.397321
38.397321
38.397321
38.397321
38.397321
38.397321
38.397321
38.397321
38.397321
38.397321
38.397321
38.397321
38.397321
38.397321
38.397321
38.397321
38.397321
38.397321
38.397321
38.397321
38.397321
38.397321
38.397321
38.397321
38.397321
38.397321
38.397321
38.397321
38.397321
38.397321
38.397321
38.397321
38.397321
38.397321
38.397321
38.397321
38.397321
38.397321
38.397321
38.397321
38.397321
38.397321
38.397321
38.397321
38.397321
38.397321
38.397321
38.397321
38.397321
38.397321
38.397321
38.397321
38.397321
38.397321
38.397321
38.397321
38.397321
38.397321
38.397321
38.397321
38.397321
38.397321
38.397321
38.397321
38.397321
38.397321
38.397321
38.397321
38.397321
38.397321
38.397321
38.397321
38.397321
38.397321
38.397321
38.397321
38.397321
38.397321
38.397321
38.397321
38.397321
38.397321
38.397321
38.397321
38.397321
38.397321
38.397321
38.397321
38.397321
38.397321
38.397321
38.397321
38.397321
38.397321
38.397321
38.397321
38.397321
38.397321
38.39732
38.39732
38.397319
38.397318
38.397316
38.397312
38.397307
38.397298
38.397285
38.397265
38.397235
38.397189
38.39712
38.397019
38.39687
38.396655
38.396346
38.395906
38.395286
38.394419
38.393217
38.391568
38.389323
38.386295
38.382244
38.376875
38.369816
38.360616
38.348726
38.333488
38.31412
38.289704
38.259175
38.221309
38.174718
38.117841
38.04895
37.966149
37.867386
37.750469
37.613083
37.452824
37.267226
37.053798
36.810071
36.533639
36.222204
35.873628
35.485977
35.057566
34.586996
34.073199
33.515461
32.913451
32.267242
31.577321
30.8446
30.070415
29.256526
28.405111
27.51875
26.600415
25.653451
24.681548
23.688722
22.679276
21.657769
20.628969
19.597808
18.569324
17.548601
16.540704
15.550607
14.583121
13.642819
12.733963
11.860437
11.025686
10.232656
9.483759
8.780837
8.125147
7.517362
6.957576
6.445338
5.979683
5.559187
5.18202
4.846014
4.548727
4.287517
4.059605
3.862144
3.692273
3.547179
3.424135
3.32054
3.233952
3.162104
3.102924
3.054534
3.015258
2.983616
2.958313
2.938229
2.922407
2.910035
2.900435
2.893041
2.887389
2.883101
2.879874
2.877462
2.875675
2.87436
2.873399
2.872704
2.872204
2.871847
2.871595
2.871418
2.871294
2.871209
2.87115
2.871111
2.871084
2.871066
2.871054
2.871046
2.871041
2.871037
2.871035
2.871034
2.871033
2.871033
2.871032
2.871032
2.871032
2.871032
2.871032
2.871032
2.871032
2.871032
2.871032
2.871032
2.871032
2.871032
2.871032
2.871032
2.871032
2.871032
2.871032
2.871032
2.871032
2.871032
2.871032
2.871032
2.871032
2.871032
2.871032
2.871032
2.871032
2.871032
2.871032
2.871032
2.871032
2.871032
2.871032
2.871032
2.871032
2.871032
2.871032
2.871032
2.871032
2.871032
2.871032
2.871032
2.871032
2.871032
2.871032
2.871032
2.871032
2.871032
2.871032
2.871032
2.871032
2.871032
2.871032
2.871032
2.871032
2.871032
2.871032
2.871032
2.871032
2.871032
2.871032
2.871032
2.871032
2.871032
2.871032
2.871032
2.871032
2.871032
2.871032
2.871032
2.871032
2.871032
2.871032
2.871032
2.871032
2.871032
2.871032
2.871032
2.871032
2.871032
2.871032
2.871032
2.871032
2.871032
2.871032
2.871032
2.871032
2.871032
2.871032
2.871032
2.871032
2.871032
2.871032
2.871032
2.871032
2.871032
2.871032
2.871032
2.871032
2.871032
2.871032
2.871032
2.871032
2.871032
2.871032
2.871032
2.871032
2.871032
2.871032
2.871032
2.871032
2.871032
2.871032
2.871032
2.871032
2.871032
2.871032
2.871032
2.871032
2.871032
2.871032
2.871032
2.871032
2.871032
2.871032
2.871032
2.871032
2.871032
2.871032
2.871032
2.871032
2.871032
2.871032
2.871032
2.871032
2.871032
2.871032
2.871032
2.871032
2.871032
2.871032
2.871032
2.871032
2.871032
2.871032
2.871032
2.871032
2.871032
2.871032
2.871032
2.871032
2.871032
2.871032
2.871032
2.871032
2.871032
2.871032
2.871032
2.871032
2.871032
2.871032
2.871032
2.871032
2.871032
2.871032
2.871032
2.871032
2.871032
2.871032
2.871032
2.871032
2.871032
2.871032
2.871032
2.871032
2.871032
2.871032
2.871032
2.871032
2.871032
2.871032
2.871032
2.871032
2.871032
2.871032
2.871032
2.871032
2.871032
2.871032
2.871032
2.871032
2.871032
2.871032
2.871032
2.871032
2.871032
2.871032
2.871032
2.871032
2.871032
2.871032
2.871032
2.871032
2.871032
2.871032
2.871032
2.871032
2.871032
2.871032
2.871032
2.871032
2.871032
2.871032
2.871032
2.871032
2.871032
2.871032
2.871032
2.871032
2.871032
2.871032
2.871032
2.871032
2.871032
2.871032
