37.77499 -122.41949
37.7750539004 -122.419410124
37.7751176484 -122.419330057
37.7751803002 -122.41924861
37.7752447336 -122.419169477
37.7753107729 -122.419092432
37.7753738308 -122.419011559
37.775437618 -122.41893156
37.775502097 -122.418852426
37.775566576 -122.418773293
37.7756310975 -122.418694214
37.7756957066 -122.418615247
37.7757577189 -122.418533042
37.7758207287 -122.418452037
37.7758837839 -122.418371088
37.7759468391 -122.418290139
37.7760098942 -122.41820919
37.7760729494 -122.418128241
37.7761360046 -122.418047291
37.7761990597 -122.417966342
37.7762621149 -122.417885393
37.7763251701 -122.417804444
37.7763882252 -122.417723495
37.7764512804 -122.417642545
37.7764986161 -122.417554465
37.77649 -122.417452308
37.7764306411 -122.417371954
37.7763640711 -122.417295642
37.776297501 -122.41721933
37.776230931 -122.417143018
37.776164361 -122.417066706
37.7760977909 -122.416990394
37.7760331755 -122.416911469
37.775969273 -122.416831591
37.7759053705 -122.416751713
37.775841468 -122.416671835
37.7757775655 -122.416591957
37.7757143148 -122.416511262
37.7756522218 -122.416429145
37.7755907011 -122.416346328
37.7755291804 -122.416263512
37.7754676597 -122.416180696
37.7754053779 -122.416098812
37.7753418949 -122.4160184
37.7752784238 -122.415937973
37.7752154172 -122.415856965
37.7751524105 -122.415775956
37.7750894039 -122.415694948
37.7750263973 -122.415613939
37.7749633907 -122.415532931
37.7749003841 -122.415451922
37.7748373065 -122.415371003
37.7747741022 -122.415290242
37.7747108979 -122.415209481
37.7746476936 -122.41512872
37.7745844893 -122.415047959
37.7745212851 -122.414967198
37.7744571504 -122.414887628
37.7743925434 -122.414808664
37.7743279363 -122.4147297
37.7742633292 -122.414650736
37.7741987222 -122.414571772
37.7741341151 -122.414492807
37.7740695081 -122.414413843
37.7740054293 -122.414334196
37.7739415791 -122.414254253
37.7738777288 -122.414174311
37.7738138786 -122.414094368
37.7737500284 -122.414014426
37.7736861781 -122.413934483
37.7736223279 -122.413854541
37.7735584777 -122.413774598
37.7734946274 -122.413694655
37.7734307772 -122.413614713
37.773366927 -122.41353477
37.7733030767 -122.413454828
37.7732392265 -122.413374885
37.7731753763 -122.413294943
37.773111526 -122.413215
37.7730476758 -122.413135058
37.7729838256 -122.413055115
37.7729199753 -122.412975172
37.7728561251 -122.41289523
37.7727924742 -122.412815035
37.772729083 -122.412734511
37.7726656918 -122.412653987
37.7726023006 -122.412573463
37.7725389094 -122.412492939
37.7724755182 -122.412412415
37.772412127 -122.412331891
37.7723487359 -122.412251367
37.7722853447 -122.412170843
37.7722219535 -122.412090319
37.7721585623 -122.412009795
37.7720951711 -122.411929271
37.7720316854 -122.411848867
37.7719681701 -122.411768501
37.7719046547 -122.411688135
37.7718411393 -122.411607768
37.7717776239 -122.411527402
37.7717141086 -122.411447035
37.7716505932 -122.411366669
37.7715870453 -122.411286344
37.7715228229 -122.411206883
37.7714586004 -122.411127421
37.771394378 -122.411047959
37.7713301556 -122.410968498
37.7712659332 -122.410889036
37.7712017107 -122.410809574
37.7711374883 -122.410730113
37.7710732659 -122.410650651
37.7710090435 -122.410571189
37.7709458672 -122.410490401
37.7708828625 -122.410409395
37.7708198577 -122.410328389
37.770756853 -122.410247382
37.7706938482 -122.410166376
37.7706308434 -122.41008537
37.7705678387 -122.410004364
37.7705048339 -122.409923358
37.7704418292 -122.409842352
37.7703788244 -122.409761346
37.7704237828 -122.409679849
37.7704863253 -122.409598271
37.7705488677 -122.409516694
37.7706114102 -122.409435117
37.7706739527 -122.40935354
37.7707364952 -122.409271963
37.7707990376 -122.409190386
37.7708622659 -122.409109668
37.7709261665 -122.409029792
37.770990067 -122.408949916
37.7710539676 -122.40887004
37.7711178682 -122.408790165
37.7711817688 -122.408710289
37.7712456694 -122.408630413
37.77130957 -122.408550538
37.7713727944 -122.408469805
37.7714360143 -122.408389066
37.7714992341 -122.408308327
37.771562454 -122.408227589
37.7716256739 -122.40814685
37.7716888937 -122.408066112
37.7717521136 -122.407985373
37.7718153335 -122.407904634
37.7718785533 -122.407823896
37.7719417732 -122.407743157
37.7720049931 -122.407662419
37.7720682129 -122.40758168
37.7721314328 -122.407500941
37.7721952415 -122.407420948
37.7722591424 -122.407341072
37.7723230434 -122.407261196
37.7723869444 -122.40718132
37.7724508454 -122.407101443
37.7725142678 -122.407020976
37.7725769675 -122.406939639
37.7726399979 -122.406858753
37.7727007807 -122.406775073
37.7727613753 -122.406691173
37.7728229151 -122.406610224
37.7729125815 -122.406617122
37.7730022479 -122.406624019
37.7730919142 -122.406630916
37.7731815806 -122.406637814
37.7732713586 -122.40664
37.7733611896 -122.40664
37.7734510229 -122.40664
37.7735407873 -122.406636067
37.7736305334 -122.406631081
37.7737199033 -122.406620014
37.7738086537 -122.406603782
37.7738955199 -122.406574827
37.773982572 -122.406546777
37.7740696612 -122.406518908
37.7741567505 -122.40649104
37.7742409898 -122.406451636
37.7743251186 -122.406411786
37.7744095369 -122.406372938
37.7744927174 -122.40633037
37.7745734806 -122.406280667
37.7746522843 -122.406226111
37.7747302902 -122.406169782
37.7748075637 -122.406111827
37.7748826522 -122.406049457
37.774957728 -122.405987053
37.775032904 -122.405924838
37.77510808 -122.405862623
37.775183256 -122.405800409
37.7752554535 -122.405733069
37.7753248035 -122.40566083
37.7753941534 -122.40558859
37.775463401 -122.405516199
37.7755307253 -122.405440954
37.7755980497 -122.405365709
37.7756653743 -122.405290464
37.7757326991 -122.405215219
37.7758000205 -122.405139969
37.7758579372 -122.405053094
37.7758741265 -122.404945284
37.775940787 -122.404869101
37.7760074475 -122.404792917
37.7760705946 -122.404712093
37.7761336017 -122.404631084
37.776196206 -122.404549577
37.7762586685 -122.404467895
37.7763173251 -122.404381939
37.7763743721 -122.404294171
37.7764354508 -122.404210915
37.7764897648 -122.404120392
37.7765431116 -122.404028952
37.7765964542 -122.403937507
37.7766496552 -122.403845931
37.7767026165 -122.403754131
37.7767555778 -122.403662332
37.7768078365 -122.403569894
37.7768594938 -122.403476911
37.7769111511 -122.403383928
37.7769605012 -122.403288998
37.7770085256 -122.403192949
37.7770565501 -122.4030969
37.7771077239 -122.4030035
37.7771591414 -122.402910306
37.7772105589 -122.402817112
37.7772604661 -122.402722618
37.7773100335 -122.402627831
37.7773596009 -122.402533044
37.7774091683 -122.402438257
37.7774587357 -122.40234347
37.7775083032 -122.402248683
37.7775578706 -122.402153897
37.777607438 -122.40205911
37.7776570054 -122.401964323
37.7777065728 -122.401869536
37.7777561402 -122.401774749
37.7778052189 -122.401679562
37.777853244 -122.401583512
37.777901269 -122.401487462
37.7779534326 -122.40139498
37.7780065157 -122.401303291
37.7780607769 -122.401212718
37.7781154393 -122.401122525
37.7781701016 -122.401032332
37.7782252498 -122.40094265
37.7782789766 -122.40085307
37.778340022 -122.400769971
37.7784018562 -122.400687525
37.7784636905 -122.400605079
37.7785255247 -122.400522634
37.778587359 -122.400440188
37.7786491932 -122.400357742
37.778710723 -122.400275132
37.7787765602 -122.400197815
37.7788429351 -122.400121229
37.7789093099 -122.400044642
37.7789756848 -122.399968056
37.7790417108 -122.39989099
37.7791075353 -122.399813646
37.7791733597 -122.399736302
37.7792391841 -122.399658959
37.7793050085 -122.399581615
37.7793708329 -122.399504271
37.7794366573 -122.399426928
37.7795024817 -122.399349584
37.7795683062 -122.39927224
37.7796341306 -122.399194897
37.779699955 -122.399117553
37.7797657794 -122.399040209
37.7798323536 -122.398963913
37.7798997397 -122.398888752
37.7799671257 -122.398813591
37.7800345118 -122.398738429
37.780095738 -122.398659765
37.7801591394 -122.398579261
37.7802249642 -122.398501917
37.7802907891 -122.398424573
37.7803566139 -122.398347229
37.7804224388 -122.398269884
37.7804882636 -122.39819254
37.7805540484 -122.398115142
37.7806192274 -122.398036927
37.7806844065 -122.397958712
37.7807495855 -122.397880497
37.7808150398 -122.397802657
37.7808814338 -122.397726094
37.7809478277 -122.397649532
37.7810142217 -122.39757297
37.7810806157 -122.397496407
37.7811470097 -122.397419845
37.7812134036 -122.397343282
37.7812797976 -122.39726672
37.7813461916 -122.397190157
37.7814125855 -122.397113595
37.7814789795 -122.397037033
37.7815453735 -122.39696047
37.7816117675 -122.396883908
37.7816781614 -122.396807345
37.7817445554 -122.396730783
37.7818109494 -122.396654221
37.7818773433 -122.396577658
37.7819447042 -122.396502482
37.7820130011 -122.396428647
37.782081298 -122.396354813
37.7821495948 -122.396280979
37.7822178917 -122.396207144
37.7822858982 -122.396132902
37.7823509909 -122.39605457
37.7824160837 -122.395976238
37.7824811764 -122.395897906
37.7825462692 -122.395819574
37.7826113619 -122.395741242
37.7826764546 -122.395662911
37.7827415474 -122.395584579
37.7828066401 -122.395506247
37.7828716843 -122.395427852
37.7829349528 -122.395347162
37.7829982212 -122.395266471
37.7830614897 -122.395185781
37.7831247582 -122.395105091
37.7831880266 -122.395024401
37.7832512951 -122.394943711
37.7833145636 -122.39486302
37.783377832 -122.39478233
37.7834411005 -122.39470164
37.783504369 -122.39462095
37.7835680473 -122.394540803
37.7836347112 -122.394464616
37.7837011939 -122.394388209
37.783765767 -122.394309656
37.7838326059 -122.394233792
37.7838956164 -122.394152779
37.7839586269 -122.394071765
37.7840216374 -122.393990752
37.784084648 -122.393909738
37.7841476585 -122.393828725
37.784210669 -122.393747711
37.7842736795 -122.393666698
37.78433669 -122.393585684
37.7843987095 -122.393503495
37.7844585503 -122.39341872
37.784518391 -122.393333946
37.7845782318 -122.393249172
37.7846360892 -122.39316236
37.7846893626 -122.393070839
37.7847426361 -122.392979317
37.7847959095 -122.392887796
37.784849183 -122.392796275
37.7849024565 -122.392704754
37.7849557299 -122.392613233
37.7850090034 -122.392521712
37.7850631343 -122.392431
37.7851172816 -122.392340303
37.7851714289 -122.392249607
37.7852255763 -122.39215891
37.7852797236 -122.392068213
37.7853338709 -122.391977516
37.7853880182 -122.39188682
37.7854398508 -122.39179403
37.785490097 -122.391699806
37.7855381262 -122.391603748
37.7855900546 -122.391511161
37.7856451611 -122.391421398
37.7856994803 -122.391330866
37.7857526356 -122.391239256
37.7858064975 -122.391148361
37.7858628374 -122.391059827
37.7859191772 -122.390971293
37.7859825609 -122.390890756
37.7860460491 -122.390810338
37.7861128421 -122.39073448
37.786181637 -122.390661386
37.7862502667 -122.390588044
37.786318505 -122.39051412
37.7863867433 -122.390440195
37.7864549816 -122.39036627
37.7865226446 -122.390291506
37.7865901452 -122.390216505
37.7866579898 -122.39014201
37.7867241121 -122.390065237
37.786793346 -122.389992807
37.7868625799 -122.389920378
37.7869318137 -122.389847949
37.7870010476 -122.389775519
37.7870702815 -122.38970309
37.7871395154 -122.389630661
37.7872087492 -122.389558232
37.7872779831 -122.389485802
37.787347217 -122.389413373
37.7874169531 -122.389341743
37.787485363 -122.389268071
37.7875537728 -122.389194398
37.7876221827 -122.389120726
37.7876904879 -122.389046899
37.7877586637 -122.388972879
37.7878268395 -122.38889886
37.7878950153 -122.38882484
37.7879631912 -122.388750821
37.7880314404 -122.38867691
37.7880998507 -122.388603238
37.7881707912 -122.388538114
37.7882398517 -122.388465419
37.7883089121 -122.388392724
37.7883779725 -122.388320029
37.7884470329 -122.388247334
37.7885160934 -122.388174639
37.7885843429 -122.388104551
37.7886535965 -122.388032149
37.78872285 -122.387959748
37.7887921083 -122.387887354
37.7888613889 -122.387814994
37.7889306696 -122.387742634
37.7889999502 -122.387670274
37.7890692309 -122.387597914
37.7891385115 -122.387525555
37.7892077922 -122.387453195
37.7892769937 -122.387380714
37.7893461579 -122.387308176
37.7894153221 -122.387235638
37.7894844863 -122.3871631
37.7895536505 -122.387090562
37.7896228147 -122.387018024
37.7896924724 -122.386946248
37.7897622933 -122.386874724
37.7898321142 -122.3868032
37.789901935 -122.386731676
37.7899717559 -122.386660153
37.7900415767 -122.386588629
37.7901108991 -122.386516333
37.7901801531 -122.386443931
37.790249407 -122.386371529
37.790318661 -122.386299127
37.790387915 -122.386226725
37.790457169 -122.386154323
37.7905264229 -122.386081921
37.7905956769 -122.38600952
37.7906649309 -122.385937118
37.7907330122 -122.38586302
37.7907989084 -122.385785763
37.7908648045 -122.385708505
37.7909307007 -122.385631247
37.7909965968 -122.38555399
37.7910649503 -122.385480239
37.7911334375 -122.385406678
37.7912019248 -122.385333118
37.7912704116 -122.385259557
37.791338823 -122.385185883
37.7914072343 -122.385112209
37.7914756457 -122.385038535
37.7915437951 -122.38496448
37.7916109321 -122.384888951
37.791678069 -122.384813422
37.7917452059 -122.384737893
37.7918124653 -122.384662539
37.7918797963 -122.384587287
37.7919468045 -122.384511594
37.7920110864 -122.384432187
37.7920753683 -122.38435278
37.7921418189 -122.384276413
37.7922108028 -122.384203597
37.7922797866 -122.384130781
37.7923476827 -122.38405635
37.7924153897 -122.383981639
37.7924830967 -122.383906928
37.7925508038 -122.383832217
37.7926190328 -122.383758275
37.7926876576 -122.383684918
37.7927562824 -122.38361156
37.7928249072 -122.383538203
37.7928936405 -122.383465009
37.7929625817 -122.383392128
37.7930315229 -122.383319247
37.7931004642 -122.383246366
37.7931694054 -122.383173486
37.793238358 -122.383100622
37.7933073418 -122.383027806
37.7933763257 -122.38295499
37.7934453095 -122.382882173
37.7935142934 -122.382809357
37.7935832892 -122.382736559
37.7936525257 -122.382664127
37.7937217622 -122.382591695
37.7937909986 -122.382519263
37.7938602351 -122.382446831
37.7939294715 -122.382374399
37.793998708 -122.382301967
37.7940679445 -122.382229535
37.7941371809 -122.382157103
37.7942064174 -122.382084671
37.7942750896 -122.382011388
37.7943434703 -122.381937665
37.794411851 -122.381863942
37.7944802318 -122.381790219
37.7945486125 -122.381716496
37.7946169932 -122.381642773
37.794685374 -122.38156905
37.7947537547 -122.381495327
37.7948221354 -122.381421604
37.7948905699 -122.381347961
37.7949591297 -122.381274504
37.7950276895 -122.381201047
37.7950962493 -122.38112759
37.7951646039 -122.381053831
37.795232214 -122.380978977
37.7952998241 -122.380904123
37.7953674342 -122.380829269
37.7954354461 -122.380754237
37.7955084409 -122.38067699
37.7955814358 -122.380599743
37.7956544306 -122.380522496
37.7957274255 -122.380445249
37.7958004203 -122.380368002
37.7958734152 -122.380290755
37.79594641 -122.380213508
37.7960194049 -122.380136261
37.7960923997 -122.380059014
37.7961653946 -122.379981767
37.7962383894 -122.37990452
37.7963113843 -122.379827273
37.7963843791 -122.379750026
37.796457374 -122.379672779
37.796526094 -122.379599185
37.7965946546 -122.379525727
37.7966637889 -122.379453137
37.7967329718 -122.37938062
37.7968021547 -122.379308103
37.7968713375 -122.379235586
37.7969405204 -122.379163069
37.7970097032 -122.379090552
37.7970788861 -122.379018035
37.797148069 -122.378945518
37.7972172518 -122.378873001
37.7972864347 -122.378800484
37.7973556176 -122.378727967
37.7974248004 -122.37865545
37.7974931961 -122.378581748
37.7975615277 -122.37850795
37.7976298594 -122.378434152
37.7976984764 -122.378360785
37.7977678797 -122.378288605
37.797837283 -122.378216426
37.7979066864 -122.378144246
37.7979756153 -122.378071344
37.7980443044 -122.377998075
37.7981129928 -122.377924808
37.7981816806 -122.377851541
37.7982496847 -122.377777287
37.798316067 -122.377700692
37.7983838364 -122.377626164
37.7984543206 -122.377555679
37.7985248054 -122.377485195
37.798593779 -122.37741239
37.7986619117 -122.377338296
37.7987300443 -122.377264202
37.798798177 -122.377190107
37.7988663097 -122.377116013
37.7989344424 -122.377041919
37.799002575 -122.376967825
37.7990707077 -122.37689373
37.7991388404 -122.376819636
37.7992069731 -122.376745542
37.7992751058 -122.376671447
37.7993432384 -122.376597353
37.7994108071 -122.376522437
37.7994783136 -122.376447429
37.79954582 -122.376372422
37.7996133265 -122.376297415
37.7996811753 -122.376222904
37.7997490617 -122.376148448
37.799816948 -122.376073992
37.7998848344 -122.375999536
37.7999528759 -122.375925309
37.8000212258 -122.375851534
37.8000895756 -122.37577776
37.8001579255 -122.375703985
37.8002262754 -122.375630211
37.8002946253 -122.375556436
37.8003629751 -122.375482662
37.800431325 -122.375408887
37.8004996749 -122.375335113
37.8005678684 -122.375261112
37.8006348869 -122.375185406
37.8007019054 -122.375109699
37.8007689239 -122.375033993
37.8008359424 -122.374958287
37.8009029609 -122.374882581
37.8009699793 -122.374806875
37.8010369978 -122.374731169
37.8011040758 -122.374655549
37.801172087 -122.374581273
37.8012400981 -122.374506998
37.8013081093 -122.374432723
37.8013761205 -122.374358447
37.8014441317 -122.374284172
37.8015121428 -122.374209897
37.801580154 -122.374135621
37.8016481652 -122.374061346
37.8017161764 -122.373987071
37.8017841875 -122.373912795
37.8018521987 -122.37383852
37.8019202101 -122.373764244
37.8019882216 -122.373689969
37.802056233 -122.373615693
37.8021242444 -122.373541417
37.8021922559 -122.373467142
37.8022602673 -122.373392866
37.8023282788 -122.37331859
37.8023962902 -122.373244315
37.8024643017 -122.373170039
37.8025323131 -122.373095763
37.8026003245 -122.373021488
37.8026700929 -122.372949907
37.8027405764 -122.372879424
37.802810015 -122.372807317
37.8028787047 -122.372734048
37.8029474964 -122.372660932
37.8030164418 -122.372588047
37.8030853872 -122.372515162
37.8031543326 -122.372442277
37.8032232781 -122.372369392
37.8032922235 -122.372296507
37.8033611689 -122.372223621
37.8034301143 -122.372150736
37.8034990597 -122.372077851
37.8035680052 -122.372004966
37.8036369506 -122.371932081
37.803705896 -122.371859196
37.8037748414 -122.37178631
37.8038437869 -122.371713425
37.8039127323 -122.37164054
37.8039816777 -122.371567655
37.8040506231 -122.37149477
37.8041195685 -122.371421885
37.804188514 -122.371349
37.8042574594 -122.371276114
37.8043264048 -122.371203229
37.8043953502 -122.371130344
37.8044642956 -122.371057459
37.8045332411 -122.370984574
37.8046021865 -122.370911689
37.8046711319 -122.370838803
37.8047400773 -122.370765918
37.8048090227 -122.370693033
37.8048779682 -122.370620148
37.8049469136 -122.370547263
37.805015859 -122.370474378
37.8050844938 -122.370401023
37.8051531087 -122.370327638
37.8052217237 -122.370254253
37.8052903386 -122.370180868
37.8053589536 -122.370107483
37.8054275685 -122.370034098
37.8054961835 -122.369960713
37.8055647984 -122.369887328
37.8056334134 -122.369813943
37.8057020283 -122.369740558
37.8057706433 -122.369667173
37.8058392582 -122.369593788
37.8059078731 -122.369520403
37.8059764881 -122.369447018
37.806045103 -122.369373633
37.806113718 -122.369300248
37.8061823329 -122.369226863
37.8062509479 -122.369153478
37.8063195628 -122.369080093
37.8063881778 -122.369006708
37.8064567927 -122.368933323
37.8065254076 -122.368859938
37.8065940226 -122.368786553
37.8066626375 -122.368713168
37.8067312525 -122.368639783
37.8067998674 -122.368566398
37.8068684824 -122.368493014
37.8069360869 -122.368418152
37.8070032297 -122.368342617
37.8070703726 -122.368267081
37.8071375154 -122.368191545
37.8072046583 -122.368116009
37.8072718012 -122.368040474
37.8073403468 -122.367967003
37.807409414 -122.367894301
37.8074784812 -122.367821599
37.8075489353 -122.367751065
37.8076194212 -122.367680579
37.8076899087 -122.367610091
37.8077584801 -122.36753671
37.8078159711 -122.367465429
37.8078578209 -122.367401045
37.8078996707 -122.36733666
37.8079502372 -122.367272011
37.8080237514 -122.367206665
37.8080972656 -122.367141319
37.8081707798 -122.367075974
37.808244294 -122.367010628
37.8083178082 -122.366945282
37.8083909534 -122.366879301
37.8084620717 -122.366809837
37.8085331899 -122.366740373
37.8086043082 -122.366670908
37.8086754265 -122.366601444
37.8087465448 -122.366531979
37.8088177674 -122.36646269
37.8088898537 -122.366394844
37.8089619401 -122.366326998
37.8090319084 -122.366255732
37.8091011688 -122.366183324
37.8091704291 -122.366110915
37.8092384764 -122.366036714
37.80930562 -122.365961177
37.8093727636 -122.365885641
37.8094399072 -122.365810104
37.8095062611 -122.365733457
37.809572614 -122.365656808
37.8096389668 -122.365580159
37.8097053197 -122.36550351
37.8097716725 -122.365426861
37.8098380254 -122.365350212
37.8099043782 -122.365273563
37.8099707311 -122.365196914
37.8100368679 -122.365119969
37.8101023814 -122.365042172
37.810167895 -122.364964375
37.8102313813 -122.364883938
37.8102959336 -122.36480488
37.8103611255 -122.364726649
37.810426507 -122.364648674
37.8104921685 -122.364571074
37.810559392 -122.364495669
37.8106271978 -122.364421082
37.8106950037 -122.364346496
37.8107661745 -122.36427721
37.8108383009 -122.364209428
37.8109104273 -122.364141647
37.8109825537 -122.364073865
37.81105468 -122.364006084
37.8111268064 -122.363938302
37.8111989328 -122.363870521
37.8112710592 -122.36380274
37.8113431856 -122.363734958
37.811415312 -122.363667177
37.8114874384 -122.363599395
37.8115607598 -122.363533853
37.811636945 -122.363473668
37.8117098357 -122.363407209
37.8117827265 -122.363340749
37.8118556173 -122.36327429
37.811928508 -122.363207831
37.8119992454 -122.363137924
37.812067137 -122.363063463
37.8121350287 -122.362989001
37.8122029203 -122.362914539
37.812270812 -122.362840077
37.812336986 -122.362763189
37.8124028912 -122.362685921
37.8124687964 -122.362608652
37.8125347016 -122.362531384
37.8126000115 -122.362453319
37.8126646348 -122.362374335
37.8127292581 -122.362295351
37.8127938815 -122.362216367
37.8128577938 -122.362136487
37.8129199345 -122.362054372
37.8129820751 -122.361972258
37.8130442157 -122.361890144
37.8131063563 -122.361808029
37.8131663814 -122.361723453
37.8132258114 -122.361638184
37.8132852414 -122.361552914
37.8133446715 -122.361467645
37.8134012997 -122.361379386
37.813457652 -122.361290833
37.8135140043 -122.361202279
37.8135703815 -122.361113751
37.8136268693 -122.361025335
37.8136833571 -122.360936919
37.8137398449 -122.360848504
37.8137958655 -122.360759638
37.8138481863 -122.360667204
37.813900507 -122.360574771
37.8139528278 -122.360482338
37.8140051485 -122.360389904
37.8140574693 -122.360297471
37.8141099141 -122.36020515
37.8141625627 -122.360113015
37.8142152114 -122.36002088
37.81426786 -122.359928745
37.8143205087 -122.35983661
37.8143731573 -122.359744475
37.814425806 -122.35965234
37.8144784546 -122.359560204
37.8145301217 -122.359467187
37.814581513 -122.359373921
37.8146329043 -122.359280655
37.8146842957 -122.359187389
37.814735687 -122.359094124
37.8147882683 -122.359001944
37.8148419179 -122.35891074
37.8148948317 -122.358818851
37.8149473712 -122.358726615
37.8149999108 -122.358634379
37.8150524504 -122.358542143
37.81510499 -122.358449906
37.8151575296 -122.35835767
37.8152100692 -122.358265434
37.8152626088 -122.358173198
37.8153151484 -122.358080962
37.815367688 -122.357988726
37.8154202276 -122.357896489
37.8154727672 -122.357804253
37.8155253068 -122.357712017
37.8155778464 -122.357619781
37.8156303859 -122.357527545
37.8156829255 -122.357435309
37.8157354651 -122.357343072
37.8157880047 -122.357250836
37.8158405443 -122.3571586
37.8158930839 -122.357066364
37.8159456235 -122.356974128
37.8159981631 -122.356881891
37.8160507027 -122.356789655
37.8161032423 -122.356697419
37.8161557819 -122.356605183
37.8162083215 -122.356512947
37.816260304 -122.356420205
37.8163122683 -122.356327446
37.8163642325 -122.356234688
37.8164161967 -122.356141929
37.8164681609 -122.356049171
37.8165201251 -122.355956412
37.8165720893 -122.355863654
37.8166240535 -122.355770895
37.8166760177 -122.355678137
37.8167279819 -122.355585378
37.8167799461 -122.35549262
37.8168319103 -122.355399861
37.8168838745 -122.355307102
37.8169358388 -122.355214344
37.816987803 -122.355121585
37.8170397672 -122.355028827
37.8170917314 -122.354936068
37.8171436956 -122.35484331
37.8171956598 -122.354750551
37.817247624 -122.354657793
37.8172998475 -122.354565267
37.8173524995 -122.354473126
37.8173994255 -122.354376221
37.8174456435 -122.354278713
37.817493688 -122.354182624
37.8175364031 -122.354082632
37.8175824564 -122.353985087
37.8176305001 -122.353889
37.8176785446 -122.353792911
37.8177222042 -122.353693533
37.8177646645 -122.353593339
37.8178052472 -122.353491882
37.8178458292 -122.353390427
37.8178859023 -122.353288654
37.8179253932 -122.353186517
37.8179659734 -122.353085067
37.8180042138 -122.352982201
37.818042302 -122.352879245
37.8180828814 -122.352777797
37.8181187967 -122.35267361
37.8181531851 -122.352568561
37.8181867471 -122.352463081
37.8182207274 -122.352357818
37.8182556511 -122.352253047
37.8182905439 -122.35214826
37.8183235881 -122.352042518
37.8183566319 -122.351936778
37.8183896755 -122.351831038
37.8184132866 -122.351721329
37.8184405295 -122.351613014
37.8184696054 -122.35150542
37.818499406 -122.351398138
37.8185265279 -122.351289757
37.8185517571 -122.351180629
37.8185725022 -122.351069988
37.8185955344 -122.350960095
37.8186198609 -122.350850626
37.8186409368 -122.350740082
37.8186621693 -122.350629587
37.8186850774 -122.350519628
37.8187079855 -122.35040967
37.8187245804 -122.350297938
37.8187422573 -122.350186456
37.8187607609 -122.350075181
37.8187783679 -122.34996367
37.8187956548 -122.349852079
37.8188123185 -122.349740335
37.8188289822 -122.34962859
37.8188456458 -122.349516846
37.8188623095 -122.349405101
37.8188789732 -122.349293356
37.8188956368 -122.349181612
37.8189123005 -122.349069867
37.8189289642 -122.348958123
37.8189456278 -122.348846378
37.8189621806 -122.348734608
37.8189780377 -122.348622675
37.8189938949 -122.348510742
37.819009752 -122.348398809
37.8190256091 -122.348286877
37.8190414663 -122.348174944
37.8190573234 -122.348063011
37.8190731805 -122.347951078
37.8190890377 -122.347839146
37.8191048948 -122.347727213
37.819120752 -122.34761528
37.8191367997 -122.347503391
37.8191531141 -122.347391563
37.8191694285 -122.347279735
37.819185743 -122.347167907
37.8192020574 -122.347056079
37.8192183718 -122.346944251
37.8192346862 -122.346832424
37.8192510006 -122.346720596
37.8192673151 -122.346608768
37.8192836295 -122.34649694
37.8192999439 -122.346385112
37.8193162583 -122.346273284
37.8193325727 -122.346161456
37.8193488872 -122.346049628
37.8193652016 -122.3459378
37.819381516 -122.345825972
37.8193978304 -122.345714144
37.8194141449 -122.345602316
37.8194304593 -122.345490488
37.8194467737 -122.34537866
37.8194630881 -122.345266832
37.8194794025 -122.345155004
37.819495717 -122.345043176
37.8195120314 -122.344931348
37.8195283458 -122.344819521
37.8195446602 -122.344707693
37.8195609747 -122.344595865
37.8195772891 -122.344484037
37.8195936035 -122.344372209
37.8196099179 -122.344260381
37.8196262323 -122.344148553
37.8196425468 -122.344036725
37.8196588612 -122.343924897
37.8196751756 -122.343813069
37.8196916508 -122.343701278
37.8197081935 -122.343589504
37.8197247362 -122.343477729
37.8197412788 -122.343365954
37.8197578215 -122.343254179
37.8197743642 -122.343142404
37.8197909069 -122.343030629
37.8198074496 -122.342918854
37.8198239923 -122.342807079
37.8198405349 -122.342695304
37.8198570776 -122.34258353
37.8198736203 -122.342471755
37.819890163 -122.34235998
37.8199067057 -122.342248205
37.8199232484 -122.34213643
37.819939791 -122.342024655
37.8199563337 -122.34191288
37.8199728764 -122.341801105
37.8199894191 -122.34168933
37.8200059618 -122.341577556
37.8200225045 -122.341465781
37.8200390471 -122.341354006
37.8200555149 -122.341242213
37.8200718356 -122.341130385
37.8200881564 -122.341018558
37.8201044772 -122.34090673
37.820120798 -122.340794902
37.8201371188 -122.340683075
37.8201534396 -122.340571247
37.8201697604 -122.34045942
37.8201860812 -122.340347592
37.820202402 -122.340235764
37.8202187228 -122.340123937
37.8202350435 -122.340012109
37.8202513643 -122.339900281
37.8202676851 -122.339788454
37.8202840059 -122.339676626
37.8203003267 -122.339564798
37.8203166475 -122.339452971
37.8203329587 -122.339341141
37.8203492673 -122.33922931
37.820365576 -122.339117479
37.8203818847 -122.339005648
37.8203981933 -122.338893817
37.820414502 -122.338781986
37.8204308107 -122.338670155
37.8204471194 -122.338558324
37.820463428 -122.338446494
37.8204797367 -122.338334663
37.8204960454 -122.338222832
37.820512354 -122.338111001
37.8205286627 -122.33799917
37.8205449714 -122.337887339
37.82056128 -122.337775508
37.8205775887 -122.337663677
37.8205938974 -122.337551846
37.8206103362 -122.337440046
37.8206268529 -122.337328263
37.8206433696 -122.337216481
37.8206598863 -122.337104698
37.820676403 -122.336992915
37.8206929197 -122.336881133
37.8207094364 -122.33676935
37.8207259531 -122.336657568
37.8207424698 -122.336545785
37.8207589864 -122.336434002
37.8207755031 -122.33632222
37.8207920198 -122.336210437
37.8208085365 -122.336098655
37.8208250532 -122.335986872
37.8208415699 -122.33587509
37.8208580866 -122.335763307
37.8208746033 -122.335651524
37.82089112 -122.335539742
37.8209076366 -122.335427959
37.8209241533 -122.335316177
37.82094067 -122.335204394
37.8209571867 -122.335092611
37.8209737034 -122.334980829
37.8209902201 -122.334869046
37.8210067368 -122.334757264
37.8210232535 -122.334645481
37.8210397701 -122.334533698
37.8210562868 -122.334421916
37.8210728035 -122.334310133
37.8210893202 -122.334198351
37.8211058369 -122.334086568
37.8211223536 -122.333974786
37.8211388703 -122.333863003
37.821155387 -122.33375122
37.821170953 -122.333639221
37.8211861507 -122.333527139
37.8212013483 -122.333415056
37.821216546 -122.333302974
37.8212317436 -122.333190891
37.8212473016 -122.333078889
37.8212632883 -122.332966982
37.821279275 -122.332855075
37.8212952617 -122.332743168
37.8213112484 -122.332631261
37.8213264861 -122.332519192
37.8213408178 -122.332406927
37.8213551495 -122.332294662
37.8213694813 -122.332182397
37.8213837355 -122.332070116
37.8213977759 -122.331957793
37.8214121421 -122.331845541
37.8214287013 -122.331733766
37.8214452605 -122.331621992
37.8214594456 -122.331509713
37.8214726787 -122.331397231
37.8214859118 -122.33128475
37.8214991447 -122.33117227
37.821512208 -122.33105976
37.8215244974 -122.330947107
37.8215367868 -122.330834454
37.8215490763 -122.330721801
37.8215613657 -122.330609148
37.8215738617 -122.330496532
37.8215868457 -122.330384004
37.8215998297 -122.330271476
37.8216101361 -122.330158503
37.82162047 -122.330045535
37.821632336 -122.329932808
37.8216442019 -122.329820082
37.8216560679 -122.329707355
37.8216675436 -122.329594564
37.8216788259 -122.329481741
37.8216901083 -122.329368917
37.8217013906 -122.329256094
37.8217126729 -122.329143271
37.8217239552 -122.329030448
37.8217336689 -122.328917412
37.8217415723 -122.328804131
37.8217494757 -122.328690849
37.8217573791 -122.328577567
37.8217662992 -122.32846441
37.8217757238 -122.328351314
37.8217851484 -122.328238219
37.8217948957 -122.328125168
37.8218049853 -122.328012165
37.8218150748 -122.327899162
37.8218251644 -122.327786159
37.821835254 -122.327673155
37.8218453436 -122.327560152
37.8218554331 -122.327447149
37.8218655227 -122.327334146
37.8218756123 -122.327221143
37.8218857018 -122.327108139
37.8218954097 -122.326995083
37.8219048343 -122.326881988
37.821914259 -122.326768892
37.8219236836 -122.326655797
37.8219331082 -122.326542702
37.8219425328 -122.326429606
37.8219519574 -122.326316511
37.821961382 -122.326203415
37.8219708067 -122.32609032
37.8219802313 -122.325977225
37.8219896559 -122.325864129
37.8220005249 -122.325751243
37.8220114487 -122.325638364
37.8220218215 -122.325525409
37.8220302087 -122.325412182
37.8220385959 -122.325298955
37.8220487076 -122.325185958
37.8220591659 -122.325073008
37.8220696243 -122.324960058
37.8220800826 -122.324847108
37.8220903665 -122.324734136
37.8220974521 -122.324620767
37.8221045376 -122.324507398
37.8221124254 -122.324394129
37.8221230127 -122.324281198
37.8221336 -122.324168266
37.822143973 -122.324055304
37.8221540183 -122.323942294
37.8221640637 -122.323829284
37.822174109 -122.323716274
37.8221841544 -122.323603263
37.8221941997 -122.323490253
37.822204245 -122.323377243
37.8222142904 -122.323264233
37.8222254003 -122.323151398
37.8222400854 -122.323039231
37.822252463 -122.322926601
37.8222643288 -122.322813877
37.8222793821 -122.322701831
37.8222973538 -122.322590407
37.8223153254 -122.322478982
37.8223328975 -122.322367456
37.8223503291 -122.322255894
37.8223677607 -122.322144331
37.8223845062 -122.322032601
37.8224011506 -122.321920846
37.8224177949 -122.321809091
37.8224344393 -122.321697336
37.8224528623 -122.321586042
37.8224721776 -122.321474979
37.8224914928 -122.321363916
37.822510808 -122.321252854
37.8225302653 -122.32114183
37.8225498519 -122.321030839
37.8225699978 -122.320920012
37.8225901481 -122.320809186
37.8226102983 -122.320698359
37.8226304486 -122.320587533
37.8226505988 -122.320476707
37.8226707107 -122.320365869
37.822689828 -122.32025475
37.8227089453 -122.320143631
37.8227280626 -122.320032511
37.8227471799 -122.319921392
37.8227662972 -122.319810273
37.8227854145 -122.319699153
37.8228045318 -122.319588034
37.8228236491 -122.319476915
37.8228427229 -122.319365783
37.8228617751 -122.319254645
37.8228808272 -122.319143508
37.8229007582 -122.319032623
37.8229211086 -122.31892187
37.8229363904 -122.318809804
37.8229522049 -122.318697873
37.8229723552 -122.318587046
37.8229925056 -122.318476219
37.8230126559 -122.318365393
37.8230328062 -122.318254566
37.8230529567 -122.318143738
37.8230731072 -122.31803291
37.8230929983 -122.31792201
37.8231115442 -122.317810735
37.8231300901 -122.31769946
37.8231486359 -122.317588184
37.8231671818 -122.317476909
37.8231861175 -122.317365742
37.8232059255 -122.317254817
37.8232257335 -122.317143892
37.8232454293 -122.317032935
37.8232650942 -122.316921968
37.8232847592 -122.316811002
37.8233044241 -122.316700035
37.8233240891 -122.316589069
37.823343754 -122.316478102
37.823363419 -122.316367136
37.823383407 -122.316256262
37.8234035574 -122.316145434
37.8234237078 -122.316034607
37.8234438582 -122.31592378
37.8234640086 -122.315812952
37.8234841591 -122.315702125
37.8235043095 -122.315591298
37.8235244599 -122.31548047
37.8235446103 -122.315369643
37.8235647608 -122.315258816
37.8235849112 -122.315147989
37.8236050616 -122.315037161
37.8236252694 -122.31492635
37.8236454958 -122.314815545
37.8236657221 -122.31470474
37.8236859485 -122.314593934
37.8237061749 -122.314483129
37.8237264013 -122.314372323
37.8237466277 -122.314261518
37.8237668541 -122.314150712
37.8237870805 -122.314039907
37.8238073068 -122.313929102
37.8238275332 -122.313818296
37.8238441253 -122.313706685
37.8238548783 -122.313593778
37.8238697123 -122.313481726
37.8238895614 -122.313370827
37.8239110339 -122.313260397
37.8239325064 -122.313149967
37.8239533915 -122.313039368
37.8239716941 -122.312928027
37.8239899967 -122.312816687
37.8240082993 -122.312705346
37.8240266019 -122.312594005
37.8240449045 -122.312482664
37.8240632071 -122.312371324
37.8240824241 -122.312260234
37.8241021808 -122.312149292
37.8241219376 -122.31203835
37.8241416943 -122.311927409
37.8241614511 -122.311816467
37.8241812078 -122.311705525
37.8242010767 -122.311594617
37.8242231288 -122.311484356
37.8242432985 -122.311373612
37.82425734 -122.31126128
37.8242739196 -122.311149523
37.8242951911 -122.311039108
37.8243138034 -122.310928162
37.8243307531 -122.310816987
37.8243492519 -122.310705985
37.8243625347 -122.310593524
37.8243797098 -122.310481886
37.8243901648 -122.310368929
37.8244073393 -122.310257294
37.8244173589 -122.310144335
37.8244282674 -122.310031459
37.8244402096 -122.309918742
37.8244587561 -122.309807463
37.8244695832 -122.309694585
37.8244786847 -122.309581441
37.8244877367 -122.309468291
37.8244993844 -122.30935554
37.8245118976 -122.309242922
37.8245244107 -122.309130304
37.8245369239 -122.309017685
37.824549437 -122.308905067
37.8245619502 -122.308792449
37.8245744633 -122.30867983
37.8245869764 -122.308567212
37.8245994896 -122.308454594
37.8246118359 -122.308341947
37.8246233067 -122.308229151
37.8246347775 -122.308116354
37.8246462483 -122.308003558
37.8246577191 -122.307890762
37.8246691899 -122.307777966
37.8246830502 -122.307665599
37.8246943977 -122.30755283
37.824703105 -122.307439635
37.8247127543 -122.307326588
37.824725988 -122.307214102
37.824740419 -122.307101858
37.8247533857 -122.306989372
37.8247647679 -122.306876624
37.8247806631 -122.306764695
37.824794704 -122.306652368
37.8248109671 -122.306540541
37.8248285761 -122.306429018
37.8248434527 -122.306316863
37.8248580888 -122.306204652
37.8248761254 -122.306093248
37.8248986061 -122.305983171
37.8249182423 -122.305872304
37.8249354886 -122.305760728
37.8249562355 -122.305650078
37.8249769827 -122.305539426
37.8249982153 -122.305428924
37.8250202649 -122.305318676
37.8250423145 -122.305208427
37.8250639883 -122.305098065
37.8250852675 -122.304987613
37.8251109134 -122.304878618
37.8251365593 -122.304769623
37.8251624324 -122.304660718
37.8251907207 -122.304552776
37.825219009 -122.304444834
37.8252472973 -122.304336892
37.8252755856 -122.30422895
37.8253038739 -122.304121007
37.8253321622 -122.304013065
37.8253604505 -122.303905123
37.8253887388 -122.303797181
37.8254170271 -122.303689239
37.8254453154 -122.303581296
37.8254736037 -122.303473354
37.825501892 -122.303365412
37.8255301803 -122.30325747
37.8255530807 -122.303147677
37.8255819896 -122.303040035
37.825608075 -122.30293155
37.825629156 -122.302821087
37.8256548017 -122.302712093
37.8256793972 -122.302602712
37.825703602 -122.302493191
37.8257271222 -122.30238343
37.8257493516 -122.302273242
37.8257725117 -122.302163368
37.8257967093 -122.302053842
37.8258209068 -122.301944317
37.8258451044 -122.301834791
37.8258693019 -122.301725265
37.8258934995 -122.301615739
37.825917697 -122.301506213
37.8259418946 -122.301396688
37.8259660921 -122.301287162
37.8259902897 -122.301177636
37.8260144873 -122.30106811
37.8260386848 -122.300958585
37.8260628824 -122.300849059
37.8260870799 -122.300739533
37.8261112775 -122.300630007
37.826135475 -122.300520481
37.8261596726 -122.300410956
37.8261838702 -122.30030143
37.8262080677 -122.300191904
37.8262322653 -122.300082378
37.8262564628 -122.299972852
37.8262806604 -122.299863327
37.8263048579 -122.299753801
37.8263290555 -122.299644275
37.826353253 -122.299534749
37.8263774506 -122.299425224
37.8264016482 -122.299315698
37.8264258457 -122.299206172
37.8264500433 -122.299096646
37.8264742408 -122.29898712
37.8264984384 -122.298877595
37.8265225315 -122.298768033
37.8265457708 -122.298658174
37.8265690101 -122.298548316
37.8265922493 -122.298438458
37.8266154886 -122.2983286
37.8266390522 -122.298218853
37.8266631554 -122.298109294
37.8266872585 -122.297999734
37.8267113616 -122.297890175
37.8267354647 -122.297780615
37.8267598328 -122.297671149
37.8267842623 -122.297561705
37.8268086919 -122.29745226
37.8268331214 -122.297342816
37.8268575509 -122.297233372
37.8268819804 -122.297123928
37.8269064099 -122.297014483
37.8269308395 -122.296905039
37.826955269 -122.296795595
37.8269796985 -122.296686151
37.8270056766 -122.296577294
37.8270327839 -122.296468864
37.8270598912 -122.296360435
37.8270869992 -122.296252003
37.8271103739 -122.296142205
37.827133284 -122.296032237
37.82715916 -122.29592336
37.8271880743 -122.295815777
37.827223002 -122.295710994
37.8272624544 -122.295608864
37.8273030402 -122.295507399
37.8273436254 -122.295405936
37.8273861147 -122.295305732
37.8274333006 -122.295209224
37.8274859567 -122.295117076
37.8275409723 -122.29502717
37.8275961836 -122.294937452
37.8276514954 -122.29484784
37.8277107081 -122.294762311
37.8277742674 -122.294682306
37.8278419352 -122.294607512
37.8279049666 -122.294526472
37.8279767901 -122.294458348
37.828048858 -122.294390509
37.828117429 -122.29431704
37.8281866787 -122.294244752
37.8282630075 -122.29418478
37.8283395797 -122.294125315
37.8284168691 -122.294067348
37.8284966883 -122.294015357
37.828577588 -122.293965918
37.8286592464 -122.293918593
37.8287418911 -122.293874054
37.8288254414 -122.293832279
37.8289080782 -122.293789972
37.8289945368 -122.293759094
37.8290801999 -122.293724917
37.8291657727 -122.293690335
37.82925231 -122.293659903
37.8293395242 -122.293632649
37.8294272289 -122.293608193
37.8295153585 -122.29358616
37.8296041603 -122.293569307
37.829693223 -122.293554463
37.829781712 -122.293535104
37.8298699544 -122.293513804
37.8299581968 -122.293492504
37.8300468108 -122.293474188
37.8301359531 -122.293460113
37.8302250584 -122.29344568
37.830314069 -122.293430333
37.8304030796 -122.293414986
37.8304920853 -122.293399596
37.8305808858 -122.293382409
37.8306696862 -122.293365222
37.8307584867 -122.293348035
37.8308471173 -122.293329529
37.8309343893 -122.293303354
37.8310226799 -122.293288537
37.8311124902 -122.293286042
37.8312023006 -122.293283547
37.8312921109 -122.293281052
37.8313818379 -122.293283988
37.8314715042 -122.293290885
37.8315611704 -122.293297782
37.8316508908 -122.293303383
37.8317406368 -122.293308369
37.8318297558 -122.293321491
37.8319185698 -122.293338571
37.8320073838 -122.293355651
37.8320954923 -122.293377633
37.8321833598 -122.293401289
37.8322712273 -122.293424946
37.8323591226 -122.293448433
37.832446943 -122.293472314
37.8325338157 -122.293501272
37.8326201437 -122.29353256
37.8327054743 -122.293568114
37.8327908049 -122.293603669
37.8328747603 -122.293643872
37.8329575476 -122.293688025
37.8330405203 -122.293731615
37.8331235621 -122.293774995
37.8332066039 -122.293818375
37.8332896457 -122.293861755
37.8333726875 -122.293905135
37.8334557292 -122.293948515
37.833538771 -122.293991895
37.8336218128 -122.294035275
37.8337040241 -122.294081082
37.8337858086 -122.294128136
37.8338675932 -122.294175191
37.8339493777 -122.294222245
37.8340311623 -122.294269299
37.8341129468 -122.294316353
37.8341947313 -122.294363407
37.8342765159 -122.294410461
37.8343583004 -122.294457515
37.8344396399 -122.294505784
37.8345208187 -122.294554491
37.8346019974 -122.294603198
37.8346831762 -122.294651906
37.8347643549 -122.294700613
37.8348455337 -122.29474932
37.8349267124 -122.294798027
37.8350078912 -122.294846735
37.8350889002 -122.294895874
37.8351685597 -122.294948449
37.8352482192 -122.295001025
37.8353278787 -122.2950536
37.8354075382 -122.295106175
37.8354871977 -122.295158751
37.8355668572 -122.295211326
37.8356466487 -122.295263578
37.8357264663 -122.295315766
37.8358062838 -122.295367955
37.8358857756 -122.295420929
37.8359650292 -122.295474479
37.8360442828 -122.295528029
37.8361235364 -122.295581579
37.8362027899 -122.295635128
37.8362844308 -122.295682532
37.8363663105 -122.29572932
37.8364480266 -122.295776561
37.8365294308 -122.295824664
37.8366108351 -122.295872766
37.8366930913 -122.295918442
37.8367758233 -122.295962762
37.8368585552 -122.296007083
37.8369418098 -122.296049693
37.8370265728 -122.296087366
37.8371113797 -122.296124877
37.8371964709 -122.296161345
37.837281562 -122.296197812
37.8373672737 -122.296231819
37.8374532967 -122.296264589
37.8375394547 -122.296296767
37.8376260787 -122.296326897
37.8377127028 -122.296357027
37.8378001848 -122.296382546
37.8378883153 -122.296404579
37.8379764441 -122.296426611
37.8380645735 -122.296448643
37.8381527273 -122.296470496
37.8382416485 -122.296486663
37.8383305697 -122.296502831
37.8384194756 -122.296519127
37.8385083693 -122.296535524
37.838597263 -122.296551922
37.8386861567 -122.29656832
37.8387750504 -122.296584718
37.8388639441 -122.296601116
37.8389528378 -122.296617514
37.8390417315 -122.296633912
37.8391306252 -122.296650309
37.8392195189 -122.296666707
37.8393084125 -122.296683105
37.8393973062 -122.296699503
37.8394864403 -122.296713648
37.8395755819 -122.296727723
37.8396647234 -122.296741798
37.839753865 -122.296755873
37.8398430065 -122.296769948
37.8399321481 -122.296784023
37.8400211155 -122.296799705
37.8401099544 -122.296816574
37.8401987933 -122.296833442
37.8402876322 -122.29685031
37.8403764711 -122.296867178
37.8404653101 -122.296884046
37.840554149 -122.296900914
37.8406429879 -122.296917783
37.8407318268 -122.296934651
37.840820133 -122.296954305
37.8409093971 -122.296967057
37.8409983969 -122.296982436
37.8410873175 -122.296998603
37.8411760909 -122.297015924
37.8412645128 -122.297036
37.8413529347 -122.297056077
37.8414413567 -122.297076153
37.8415297786 -122.29709623
37.8416182005 -122.297116306
37.8417066224 -122.297136383
37.8417950443 -122.297156459
37.8418834662 -122.297176536
37.8419718882 -122.297196612
37.8420603101 -122.297216689
37.842148732 -122.297236765
37.8422371539 -122.297256842
37.8423255758 -122.297276918
37.8424139977 -122.297296995
37.8425024196 -122.297317071
37.8425908416 -122.297337148
37.8426792635 -122.297357224
37.8427676854 -122.297377301
37.8428561073 -122.297397377
37.8429445292 -122.297417453
37.8430329511 -122.29743753
37.8431213731 -122.297457606
37.843209795 -122.297477683
37.8432983724 -122.297496624
37.84338697 -122.297515418
37.8434755677 -122.297534211
37.8435641653 -122.297553005
37.843652763 -122.297571798
37.8437413607 -122.297590592
37.8438299583 -122.297609385
37.843918556 -122.297628179
37.8440071537 -122.297646972
37.8440957513 -122.297665765
37.844184349 -122.297684559
37.8442729467 -122.297703352
37.8443615443 -122.297722146
37.844450142 -122.297740939
37.8445387396 -122.297759733
37.8446268773 -122.297781719
37.8447150083 -122.297803752
37.8448031393 -122.297825785
37.8448916054 -122.297845514
37.8449801507 -122.297864699
37.8450686961 -122.297883884
37.8451572415 -122.297903069
37.8452457869 -122.297922254
37.8453343323 -122.297941439
37.8454228776 -122.297960623
37.845511423 -122.297979808
37.8455999684 -122.297998993
37.8456885138 -122.298018178
37.8457770591 -122.298037363
37.8458656045 -122.298056548
37.8459541499 -122.298075732
37.8460426953 -122.298094917
37.8461312407 -122.298114102
37.846219786 -122.298133287
37.8463083314 -122.298152472
37.8463968768 -122.298171657
37.8464854222 -122.298190841
37.8465739676 -122.298210026
37.8466624816 -122.29822944
37.8467509619 -122.298249103
37.8468394421 -122.298268765
37.8469279223 -122.298288427
37.8470164025 -122.298308089
37.8471048827 -122.298327752
37.8471910225 -122.29835248
37.8472794694 -122.298372381
37.8473679163 -122.298392281
37.8474563632 -122.298412182
37.8475448101 -122.298432082
37.847633257 -122.298451983
37.8477217039 -122.298471883
37.8478101508 -122.298491784
37.8478985977 -122.298511684
37.8479870446 -122.298531585
37.8480754915 -122.298551486
37.8481639384 -122.298571386
37.8482523853 -122.298591287
37.8483408322 -122.298611187
37.8484291756 -122.298631802
37.8485174368 -122.298652985
37.8486056979 -122.298674167
37.848693959 -122.29869535
37.8487822202 -122.298716533
37.8488704813 -122.298737716
37.8489591626 -122.298755833
37.8490476586 -122.298773986
37.8491358867 -122.298795388
37.8492241149 -122.29881679
37.8493123431 -122.298838192
37.8494005713 -122.298859594
37.8494887994 -122.298880996
37.8495770276 -122.298902398
37.8496652558 -122.2989238
37.849753484 -122.298945202
37.8498417121 -122.298966603
37.8499299403 -122.298988005
37.8500181685 -122.299009407
37.8501063966 -122.299030809
37.8501946248 -122.299052211
37.850282853 -122.299073613
37.8503710812 -122.299095015
37.8504593093 -122.299116417
37.8505475375 -122.299137819
37.8506357657 -122.29915922
37.8507239939 -122.299180622
37.850812222 -122.299202024
37.8509004502 -122.299223426
37.8509886784 -122.299244828
37.8510764532 -122.299268987
37.8511640835 -122.299294024
37.8512520551 -122.299316869
37.8513406282 -122.299335849
37.8514292014 -122.299354829
37.8515177746 -122.299373809
37.8516063478 -122.299392789
37.851694921 -122.299411769
37.8517834634 -122.299430951
37.8518712569 -122.299455051
37.8519590503 -122.299479151
37.8520468437 -122.299503251
37.8521346371 -122.299527351
37.8522224306 -122.299551452
37.852310224 -122.299575552
37.8523980174 -122.299599652
37.8524858108 -122.299623752
37.8525736043 -122.299647852
37.8526613977 -122.299671952
37.8527491911 -122.299696052
37.8528369845 -122.299720153
37.852924778 -122.299744253
37.8530125714 -122.299768353
37.8531003648 -122.299792453
37.8531881582 -122.299816553
37.8532759517 -122.299840653
37.8533637451 -122.299864754
37.8534515385 -122.299888854
37.8535393319 -122.299912954
37.8536271254 -122.299937054
37.8537149188 -122.299961154
37.8538027122 -122.299985254
37.8538904783 -122.300009514
37.8539782377 -122.300033813
37.8540659971 -122.300058112
37.8541537565 -122.300082411
37.854241516 -122.30010671
37.8543292754 -122.300131009
37.8544170348 -122.300155308
37.8545047942 -122.300179607
37.8545925536 -122.300203906
37.854680313 -122.300228205
37.8547680724 -122.300252504
37.8548558318 -122.300276803
37.8549435912 -122.300301102
37.8550313506 -122.300325401
37.8551191101 -122.3003497
37.8552068695 -122.300373999
37.8552946289 -122.300398298
37.8553823883 -122.300422597
37.8554701477 -122.300446896
37.8555579071 -122.300471195
37.8556456665 -122.300495494
37.8557334259 -122.300519793
37.8558211853 -122.300544092
37.8559089447 -122.300568391
37.8559967042 -122.30059269
37.8560844636 -122.300616989
37.856172223 -122.300641288
37.8562599824 -122.300665587
37.8563477418 -122.300689885
37.8564355012 -122.300714184
37.8565232606 -122.300738483
37.85661102 -122.300762782
37.8566987794 -122.300787081
37.8567865389 -122.30081138
37.8568742983 -122.300835679
37.8569620577 -122.300859978
37.8570498171 -122.300884277
37.8571375765 -122.300908576
37.8572253359 -122.300932875
37.8573130953 -122.300957174
37.8574008547 -122.300981473
37.8574886141 -122.301005772
37.8575763693 -122.301030097
37.8576641184 -122.301054457
37.8577518675 -122.301078817
37.8578396167 -122.301103177
37.8579273658 -122.301127537
37.8580151149 -122.301151898
37.8581028641 -122.301176258
37.8581906132 -122.301200618
37.8582783623 -122.301224978
37.8583661114 -122.301249338
37.8584538606 -122.301273699
37.8585416097 -122.301298059
37.8586293588 -122.301322419
37.8587171079 -122.301346779
37.8588048571 -122.301371139
37.8588926062 -122.3013955
37.8589803553 -122.30141986
37.8590681045 -122.30144422
37.8591558536 -122.30146858
37.8592436027 -122.30149294
37.8593313518 -122.301517301
37.859419101 -122.301541661
37.8595068501 -122.301566021
37.8595945992 -122.301590381
37.8596823484 -122.301614741
37.8597700975 -122.301639102
37.8598578466 -122.301663462
37.8599455957 -122.301687822
37.8600333449 -122.301712182
37.860121094 -122.301736543
37.8602088431 -122.301760903
37.8602965922 -122.301785263
37.8603843414 -122.301809623
37.8604720905 -122.301833983
37.8605598396 -122.301858344
37.8606475888 -122.301882704
37.8607353379 -122.301907064
37.860823087 -122.301931424
37.8609108361 -122.301955784
37.8609985853 -122.301980145
37.8610863344 -122.302004505
37.8611740835 -122.302028865
37.8612618327 -122.302053225
37.8613495818 -122.302077585
37.8614373309 -122.302101946
37.86152508 -122.302126306
37.8616128292 -122.302150666
37.8617005783 -122.302175026
37.8617883274 -122.302199386
37.8618760766 -122.302223747
37.8619638257 -122.302248107
37.8620515748 -122.302272467
37.8621393239 -122.302296827
37.8622270731 -122.302321187
37.8623148222 -122.302345548
37.8624025713 -122.302369908
37.8624903204 -122.302394268
37.8625780696 -122.302418628
37.8626658187 -122.302442988
37.8627535678 -122.302467349
37.862841317 -122.302491709
37.8629290661 -122.302516069
37.8630168152 -122.302540429
37.8631045643 -122.30256479
37.8631923135 -122.30258915
37.8632800626 -122.30261351
37.8633678117 -122.30263787
37.8634555609 -122.30266223
37.86354331 -122.302686591
37.8636310591 -122.302710951
37.8637188082 -122.302735311
37.8638065574 -122.302759671
37.8638943065 -122.302784031
37.8639820556 -122.302808392
37.8640698047 -122.302832752
37.8641575539 -122.302857112
37.8642454214 -122.302879639
37.8643351296 -122.302873658
37.8644248377 -122.302867677
37.8645145459 -122.302861697
37.8646039825 -122.302868613
37.8646933116 -122.302880638
37.8647826407 -122.302892663
37.8648719698 -122.302904688
37.8649612989 -122.302916713
37.865050628 -122.302928738
37.8651396078 -122.302944329
37.8652285466 -122.302960338
37.8653174855 -122.302976347
37.8654064244 -122.302992356
37.8654953632 -122.303008365
37.8655838239 -122.303027488
37.8656710129 -122.30305489
37.8657582019 -122.303082292
37.8658453909 -122.303109694
37.8659330455 -122.303134033
37.8660220324 -122.303149606
37.8661110194 -122.303165178
37.8662000063 -122.303180751
37.8662889932 -122.303196324
37.8663773307 -122.303216833
37.8664668706 -122.303219018
37.866556132 -122.303206267
37.8666425015 -122.303178749
37.8667213783 -122.303125518
37.8667896868 -122.303052032
37.8668436284 -122.302961469
37.8668921417 -122.302865717
37.8669345152 -122.302766521
37.8669557767 -122.302655961
37.8669770382 -122.302545401
37.8669989883 -122.302435058
37.8670210499 -122.302324751
37.8670435349 -122.302214581
37.867066309 -122.302104506
37.8670890832 -122.301994431
37.8671118573 -122.301884356
37.8671346314 -122.301774281
37.8671575269 -122.301664247
37.8671806743 -122.301554297
37.8672038217 -122.301444347
37.867226969 -122.301334397
37.8672501164 -122.301224447
37.8672731106 -122.301114447
37.8672951721 -122.30100414
37.8673157768 -122.300893414
37.8673333954 -122.300781829
37.8673532913 -122.300670885
37.8673745528 -122.300560326
37.8673958143 -122.300449766
37.8674170758 -122.300339206
37.8674383373 -122.300228646
37.8674618244 -122.300118814
37.8674855002 -122.300009044
37.8675091761 -122.299899274
37.867532852 -122.299789504
37.8675556994 -122.299679467
37.8675763708 -122.299568728
37.8675970422 -122.299457988
37.8676177136 -122.299347249
37.867638385 -122.299236509
37.8676590563 -122.29912577
37.8676797277 -122.29901503
37.8677009611 -122.298904464
37.8677227497 -122.298794068
37.8677445383 -122.298683673
37.8677663269 -122.298573277
37.8677881155 -122.298462881
37.8678099041 -122.298352486
37.8678316927 -122.29824209
37.8678516887 -122.298131166
37.8678705801 -122.298019917
37.8678894715 -122.297908668
37.8679083629 -122.297797418
37.8679272543 -122.297686169
37.8679495216 -122.297575941
37.8679723631 -122.297465887
37.8679952045 -122.297355833
37.8680180459 -122.297245779
37.8680408873 -122.297135725
37.8680637287 -122.297025671
37.8680865702 -122.296915617
37.8681094116 -122.296805562
37.868132253 -122.296695508
37.8681548504 -122.296585375
37.8681765977 -122.296474965
37.8681983451 -122.296364556
37.8682200924 -122.296254146
37.8682418397 -122.296143737
37.868263587 -122.296033327
37.8682854115 -122.295922942
37.8683074735 -122.295812633
37.8683295354 -122.295702323
37.8683515974 -122.295592013
37.868373852 -122.295481767
37.8683970759 -122.295371841
37.8684202997 -122.295261915
37.8684435235 -122.295151989
37.8684667473 -122.295042063
37.8684899711 -122.294932137
37.8685131949 -122.294822211
37.8685348964 -122.294711794
37.8685559669 -122.294601174
37.8685770373 -122.294490554
37.8685981078 -122.294379934
37.8686200807 -122.294269596
37.8686421427 -122.294159287
37.8686642046 -122.294048977
37.8686862665 -122.293938667
37.8687083285 -122.293828358
37.8687303987 -122.293718051
37.8687529309 -122.293607894
37.868775463 -122.293497736
37.8687979952 -122.293387579
37.8688206147 -122.293277453
37.868846882 -122.293168632
37.8688731492 -122.29305981
37.8688977273 -122.292950398
37.8689192825 -122.292839927
37.8689408378 -122.292729456
37.8689623931 -122.292618985
37.8689839484 -122.292508515
37.8690055037 -122.292398044
37.8690270589 -122.292287573
37.8690486142 -122.292177102
37.8690673622 -122.292065827
37.8690819357 -122.291953559
37.8690958494 -122.291841137
37.8691097631 -122.291728714
37.8691236768 -122.291616292
37.8691375905 -122.291503869
37.8691515042 -122.291391446
37.8691654179 -122.291279024
37.8691793315 -122.291166601
37.8691932452 -122.291054179
37.8692071589 -122.290941756
37.8692210726 -122.290829333
37.8692349863 -122.290716911
37.8692489 -122.290604488
37.8692628136 -122.290492066
37.8692767273 -122.290379643
37.869290641 -122.290267221
37.8693045547 -122.290154798
37.8693184684 -122.290042375
37.8693320144 -122.28992988
37.8693455148 -122.289817376
37.8693590153 -122.289704872
37.8693725158 -122.289592368
37.8693868375 -122.289480034
37.8694021808 -122.28936791
37.8694175241 -122.289255785
37.8694328674 -122.289143661
37.8694482107 -122.289031537
37.869463554 -122.288919413
37.8694788973 -122.288807289
37.8694942406 -122.288695165
37.8695095839 -122.288583041
37.8695261201 -122.288471189
37.8695426896 -122.288359345
37.869559259 -122.288247502
37.8695758285 -122.288135658
37.8695917797 -122.288023687
37.869604077 -122.287910961
37.8696163743 -122.287798236
37.8696286716 -122.287685511
37.8696409689 -122.287572785
37.8696537699 -122.287460155
37.8696679636 -122.287347788
37.8696821574 -122.287235421
37.8696963511 -122.287123053
37.8697105449 -122.287010686
37.8697247387 -122.286898319
37.8697389324 -122.286785952
37.8697531262 -122.286673585
37.8697673199 -122.286561217
37.8697819807 -122.286448947
37.8697967502 -122.286336698
37.8698115198 -122.28622445
37.8698262893 -122.286112202
37.8698410588 -122.285999953
37.8698558283 -122.285887705
37.8698705978 -122.285775457
37.8698853673 -122.285663208
37.8699001368 -122.28555096
37.8699149064 -122.285438712
37.8699296759 -122.285326463
37.8699444454 -122.285214215
37.8699592149 -122.285101967
37.8699735952 -122.28498964
37.8699869221 -122.284877102
37.8700002489 -122.284764565
37.8700135758 -122.284652027
37.8700269026 -122.284539489
37.8700402295 -122.284426951
37.8700535563 -122.284314413
37.8700675798 -122.284202014
37.8700822554 -122.284089746
37.870096931 -122.283977478
37.8701116067 -122.283865209
37.8701262823 -122.283752941
37.8701409579 -122.283640672
37.8701556335 -122.283528404
37.8701703091 -122.283416135
37.8701849847 -122.283303867
37.8701996604 -122.283191598
37.870214336 -122.28307933
37.8702290116 -122.282967061
37.8702436872 -122.282854793
37.8702583628 -122.282742524
37.8702724823 -122.282630142
37.8702865319 -122.282517745
37.8703005815 -122.282405348
37.8703146312 -122.282292951
37.8703286808 -122.282180553
37.8703427304 -122.282068156
37.8703536481 -122.281955278
37.8703624126 -122.281842078
37.8703775136 -122.281729899
37.8703926145 -122.281617721
37.8704077154 -122.281505542
37.8704228164 -122.281393364
37.8704379173 -122.281281186
37.8704530182 -122.281169007
37.8704681192 -122.281056829
37.8704832201 -122.280944651
37.8704983211 -122.280832472
37.870513422 -122.280720294
37.8705285229 -122.280608115
37.8705436239 -122.280495937
37.8705587248 -122.280383759
37.8705736878 -122.280271551
37.8705882444 -122.280159257
37.870602801 -122.280046963
37.8706173576 -122.27993467
37.8706319142 -122.279822376
37.8706461951 -122.279710026
37.8706601315 -122.279597606
37.8706740679 -122.279485185
37.8706880043 -122.279372765
37.8707019408 -122.279260345
37.8707158772 -122.279147924
37.8707298136 -122.279035504
37.87074375 -122.278923084
37.8707576864 -122.278810663
37.8707716228 -122.278698243
37.8707855592 -122.278585823
37.8708011567 -122.278473763
37.870817531 -122.278361872
37.8708339053 -122.27824998
37.8708502436 -122.278138081
37.8708645108 -122.278025727
37.870878778 -122.277913373
37.8708930451 -122.27780102
37.8709073123 -122.277688666
37.8709215795 -122.277576312
37.8709361311 -122.277464017
37.8709510923 -122.277351808
37.8709660535 -122.277239599
37.8709810147 -122.27712739
37.8709959759 -122.277015181
37.8710109371 -122.276902972
37.8710258983 -122.276790763
37.8710403306 -122.276678443
37.871054563 -122.276566081
37.8710687955 -122.27645372
37.8710830279 -122.276341358
37.8710972604 -122.276228997
37.8711114928 -122.276116636
37.8711257253 -122.276004274
37.8711399577 -122.275891913
37.8711541902 -122.275779551
37.8711684226 -122.27566719
37.8711826551 -122.275554828
37.8711968875 -122.275442467
37.87121112 -122.275330105
37.8712253179 -122.275217737
37.8712394585 -122.275105356
37.8712535991 -122.274992976
37.8712677396 -122.274880596
37.8712818802 -122.274768215
37.8712960208 -122.274655835
37.8713101614 -122.274543454
37.8713243019 -122.274431074
37.8713384425 -122.274318694
37.8713525831 -122.274206313
37.8713667237 -122.274093933
37.8713808643 -122.273981552
37.8713950048 -122.273869172
37.8714091454 -122.273756792
37.8714244311 -122.273644653
37.8714397905 -122.273532529
37.8714551499 -122.273420406
37.8714705092 -122.273308283
37.8714858686 -122.273196159
37.871501228 -122.273084036
37.8715151817 -122.272971638
37.8715272635 -122.272858874
37.8715393454 -122.27274611
